<?xml version="1.0" encoding="UTF-8"?>
<document version="1.5.0">
  <chunk label="Chunk 1" enabled="true">
    <sensors next_id="1">
      <sensor id="0" label="FC6310S (8.8mm)" type="frame">
        <resolution width="5472" height="3648"/>
        <property name="pixel_width" value="0.0024122807017543861"/>
        <property name="pixel_height" value="0.0024122807017543861"/>
        <property name="focal_length" value="8.8000000000000007"/>
        <property name="layer_index" value="0"/>
        <bands>
          <band label="Red"/>
          <band label="Green"/>
          <band label="Blue"/>
        </bands>
        <data_type>uint8</data_type>
        <calibration type="frame" class="adjusted">
          <resolution width="5472" height="3648"/>
          <f>3009.7254016815664</f>
          <cx>-5.1103751851489339</cx>
          <cy>-6.2495138302502831</cy>
          <k1>-0.0075793985163615006</k1>
          <k2>0.0017213634637287243</k2>
          <k3>0.0014720462481890874</k3>
          <p1>0.00073052390250335608</p1>
          <p2>-0.00068862222406874452</p2>
        </calibration>
        <covariance>
          <params>f cx cy k1 k2 k3 p1 p2</params>
          <coeffs>3.7956966316905401e+01 7.3389676222618738e-01 4.3842092340797867e-01 -2.0299310069204614e-04 8.9634387417537574e-05 1.0988895472727391e-04 9.2438236990800023e-06 -9.5431951810883783e-06 7.3389676222618738e-01 2.9332339390918970e-02 8.3236074663711242e-03 -3.9456473730233635e-06 1.7804552902329903e-06 2.0973574912963795e-06 1.7461604326300358e-07 -1.9418672744286179e-07 4.3842092340797867e-01 8.3236074663711242e-03 1.3457117083051152e-02 -2.3433864835377449e-06 1.0266884504949462e-06 1.2778235509380453e-06 1.0800458622489492e-07 -1.1485941171131011e-07 -2.0299310069204614e-04 -3.9456473730233635e-06 -2.3433864835377449e-06 1.1605526805160524e-09 -6.1509775907058103e-10 -5.1506194092253141e-10 -4.9607838895587690e-11 5.0980187457726453e-11 8.9634387417537574e-05 1.7804552902329903e-06 1.0266884504949462e-06 -6.1509775907058103e-10 4.8214256577092696e-10 1.0754573674792117e-10 2.1752794067406369e-11 -2.2386729042112371e-11 1.0988895472727391e-04 2.0973574912963795e-06 1.2778235509380453e-06 -5.1506194092253141e-10 1.0754573674792117e-10 4.0661064926081223e-10 2.6857197661249163e-11 -2.7698056892043332e-11 9.2438236990800023e-06 1.7461604326300358e-07 1.0800458622489492e-07 -4.9607838895587690e-11 2.1752794067406369e-11 2.6857197661249163e-11 2.9091819281862935e-12 -2.3546717516563309e-12 -9.5431951810883783e-06 -1.9418672744286179e-07 -1.1485941171131011e-07 5.0980187457726453e-11 -2.2386729042112371e-11 -2.7698056892043332e-11 -2.3546717516563309e-12 3.8891627105346164e-12</coeffs>
        </covariance>
        <meta>
          <property name="Exif/BodySerialNumber" value="91729d101b4029bd904de8ef6494c684"/>
          <property name="Exif/Make" value="DJI"/>
          <property name="Exif/Model" value="FC6310S"/>
          <property name="Exif/Software" value="v01.08.1719"/>
        </meta>
      </sensor>
    </sensors>
    <components next_id="1" active_id="0">
      <component id="0" label="Component 1">
        <transform>
          <rotation locked="true">-9.8440402732701271e-01 9.4130338523130491e-02 1.4862096202043293e-01 -1.7570018533559600e-01 -4.8360285602844533e-01 -8.5747170362302227e-01 -8.8405800372638767e-03 -8.7021132893720243e-01 4.9259931702546350e-01</rotation>
          <translation locked="true">6.0899924521420698e+05 -5.4128554644759838e+06 3.3072943316131579e+06</translation>
          <scale locked="true">2.9284662709694573e+00</scale>
        </transform>
        <region>
          <center>-2.0172526279015461e+01 -2.6653797405559061e+01 -3.9190532465726404e+00</center>
          <size>1.3266375023823502e+02 6.9337723556339142e+01 2.0582971312584625e+01</size>
          <R>-7.3222764330796483e-02 -9.9683352346767484e-01 -3.1005697456712174e-02 9.9602411635516008e-01 -7.1510934081845029e-02 -5.3123873594314343e-02 5.0738411708283152e-02 -3.4772299287832688e-02 9.9810645763844152e-01</R>
        </region>
        <partition>
          <partition>
            <partition>
              <partition>
                <camera_ids>0 1 2 3 5 8 11 16 17 22 25 26 27 154 156 159 161 163 165 167 170 171 172 173 175 179 180 182 185 186 187 189 191 511 513 514 516 517 519 520 521 522 525 526 527 528 530 531 535 536 537 662 664 665 667 669 671 673 675 676 681 683 684 685 688 690 691 695 697 854 855 856 857 858 859 860 861 862 863 864 865 866 867 868 869 870 871 872 873</camera_ids>
              </partition>
              <partition>
                <camera_ids>410 411 412 413 414 415 416 417 418 419 420 421 422 423 424 848 849 850 851 852 853 874 875 876 877 878 879 880 881 882 883 884 885 886 1034 1035 1036 1037 1038 1039 1040 1041 1042 1043 1044 1045 1046 1047 1048 1049 1050 1051 1052 1053 1054 1055 1056 1057 1058 1059 1060 1217 1218 1219 1220 1221 1222 1223 1224 1225 1226 1227 1228 1229 1230 1231 1232 1233 1234 1235 1236</camera_ids>
              </partition>
            </partition>
            <partition>
              <partition>
                <camera_ids>71 72 74 76 77 79 83 84 87 88 89 92 93 94 95 98 102 103 104 105 106 107 109 110 113 115 117 118 119 120 122 123 127 128 130 135 138 139 140 142 144 145 232 237 238 239 241 243 244 247 248 253 254 257 580 582 585 587 588 589 592 593 597 598 603 604 606 607 608 615 618 619 621 623 628 631 632 633 636 638 639 640 641 643 644 648 650 738 740 741 742 743 747 749 752 753 756 757 758 759 762 763 765</camera_ids>
              </partition>
              <partition>
                <camera_ids>147 150 153 188 190 193 194 195 196 197 199 200 201 202 205 207 208 209 210 215 217 220 225 228 230 259 653 655 656 658 659 693 694 696 698 699 705 710 711 713 718 719 720 721 723 725 726 728 729 730 731 733 734 736 767</camera_ids>
              </partition>
            </partition>
            <partition>
              <partition>
                <camera_ids>32 33 37 39 42 44 45 47 48 49 50 52 61 63 66 67 70 73 75 78 80 81 82 108 111 112 114 116 121 124 125 126 129 131 132 133 134 136 137 141 143 146 148 149 151 152 538 541 542 543 545 547 548 550 553 558 560 561 562 563 564 565 566 567 569 571 572 575 576 578 579 581 583 584 586 611 612 613 614 616 617 620 622 624 625 626 627 629 630 634 635 637 642 645 646 647 649 651 652 654 657 660</camera_ids>
              </partition>
              <partition>
                <camera_ids>192 198 203 204 206 211 212 213 214 216 218 219 221 222 223 224 226 227 229 231 233 234 235 236 240 700 701 702 703 704 706 707 708 709 712 714 715 716 717 722 724 727 732 735 737 739 744 745 746 748 798 799 800 801 802 803 804 805 806 807 808 809 810 811 812 813 814 815 816 817 818 819 820 821 822 823 824 825 826 827 828 829 830 831 832 833 834 835 836 837 838 839 840 841 842 843 844 845 846 847</camera_ids>
              </partition>
            </partition>
          </partition>
          <partition>
            <partition>
              <partition>
                <camera_ids>261 262 263 264 265 266 383 384 385 386 387 388 389 390 391 392 393 394 395 396 397 398 399 400 401 402 403 404 405 406 407 408 409 425 426 427 428 429 430 431 432 433 434 435 436 437 438 439 440 1237 1238 1239 1240 1241 1242 1243 1244 1245 1246 1247 1254 1255 1256 1257 1258 1259</camera_ids>
              </partition>
              <partition>
                <camera_ids>1020 1021 1022 1023 1024 1025 1026 1027 1028 1029 1030 1031 1032 1033 1061 1062 1063 1064 1065 1066 1067 1068 1069 1070 1071 1072 1073 1074 1075 1076 1077 1078 1079 1080 1081 1082 1083 1084 1085 1086 1087 1088 1190 1191 1192 1193 1194 1195 1196 1197 1198 1199 1200 1201 1202 1203 1204 1205 1206 1207 1208 1209 1210 1211 1212 1213 1214 1215 1216 1248 1249 1250 1251 1252 1253</camera_ids>
              </partition>
              <partition>
                <camera_ids>267 268 269 270 271 272 273 274 275 276 277 278 279 280 281 282 283 284 285 286 287 288 289 290 291 292 293 294 295 296 297 298 325 326 327 328 329 330 331 332 333 334 335 336 337 338 339 340 341 342 343 344 345 346 347 348 349 350 351 352 353 354 355 356 357 358 359 360 361 362 363 364 365 366 367 368 369 370 371 372 373 374 375 376 377 378 379 380 381 382 485 486 487 488 489 490 491 492 493 494 495 496 497 498 499 500 501 502 503 504 505 506 507 508</camera_ids>
              </partition>
            </partition>
            <partition>
              <partition>
                <camera_ids>34 35 36 38 40 41 43 46 51 53 54 55 56 57 58 59 60 62 64 65 68 69 441 442 443 444 445 446 447 448 449 450 451 452 453 454 455 456 457 458 459 460 461 462 463 464 465 466 467 468 469 470 471 472 473 474 475 544 546 549 551 552 554 555 556 557 559 568 570 573 574 577</camera_ids>
              </partition>
              <partition>
                <camera_ids>4 6 7 9 10 12 13 14 15 18 19 20 21 23 24 28 29 30 31 155 157 158 160 162 164 166 168 169 174 176 177 178 181 183 184 476 477 478 479 480 481 482 483 484 509 510 512 515 518 523 524 529 532 533 534 539 540 661 663 666 668 670 672 674 677 678 679 680 682 686 687 689 692</camera_ids>
              </partition>
            </partition>
            <partition>
              <partition>
                <camera_ids>887 888 889 890 891 892 893 894 895 896 897 898 899 900 901 902 903 904 905 906 907 908 909 910 911 912 913 914 915 916 917 918 919 920 921 922 923 924 925 926 927 928 929 956 957 958 959 960 961 962 963 964 965 966 967 968 969 970 971 972 973 974 975 976 977 978 979 980 981 982 983 984 985 986 987 988 989 990 991 992 993 994 995 996 997 998 999 1000 1001 1002 1003 1004 1005 1006 1007 1008 1009 1010 1011 1012 1013 1014 1015 1016 1017 1018 1019 1113 1114 1115 1116 1117 1118 1119 1120 1121 1122 1123 1124 1125 1126 1127 1128 1129 1130 1131 1132 1133 1134 1135 1136 1137 1138 1139</camera_ids>
              </partition>
              <partition>
                <camera_ids>299 300 301 302 303 304 305 306 307 308 309 310 311 312 313 314 315 316 317 318 319 320 321 322 323 324 1089 1090 1091 1092 1093 1094 1095 1096 1097 1098 1099 1100 1101 1102 1103 1104 1105 1106 1107 1108 1109 1110 1111 1112 1140 1141 1142 1143 1144 1145 1146 1147 1148 1149 1150 1151 1152 1153 1154 1155 1156 1157 1158 1159 1160 1161 1162 1163 1164 1165 1166 1167 1168 1169 1170 1171 1172 1173 1174 1175 1176 1177 1178 1179 1180 1181 1182 1183 1184 1185 1186 1187 1188 1189</camera_ids>
              </partition>
              <partition>
                <camera_ids>85 86 90 91 96 97 99 100 101 242 245 246 249 250 251 252 255 256 258 260 590 591 594 595 596 599 600 601 602 605 609 610 750 751 754 755 760 761 764 766 768 769 770 771 772 773 774 775 776 777 778 779 780 781 782 783 784 785 786 787 788 789 790 791 792 793 794 795 796 797 930 931 932 933 934 935 936 937 938 939 940 941 942 943 944 945 946 947 948 949 950 951 952 953 954 955</camera_ids>
              </partition>
            </partition>
          </partition>
        </partition>
      </component>
    </components>
    <cameras next_id="1260" next_group_id="0">
      <camera id="0" sensor_id="0" component_id="0" label="1_DJI_0247">
        <transform>9.9899054828106970e-01 -3.1272997021682585e-03 -4.4811878354524062e-02 1.3440843478454209e-01 -1.8377995213705845e-03 -9.9958384404502054e-01 2.8788213162666252e-02 -9.3859985598350681e-02 -4.4883258994942575e-02 -2.8676797602812602e-02 -9.9858055976533022e-01 -8.8616488580193997e-01 0 0 0 1</transform>
        <rotation_covariance>2.3050302910054878e-09 9.6747359201605943e-10 6.3608199425489378e-11 9.6747359201605943e-10 4.0663010931531215e-09 6.7611711022097819e-11 6.3608199425489417e-11 6.7611711022097767e-11 5.6106286473306506e-10</rotation_covariance>
        <location_covariance>1.8989756254343693e-07 -1.2352868138477356e-07 2.1697749904294242e-06 -1.2352868138477356e-07 2.1840657961272345e-07 -2.7043209115517643e-06 2.1697749904294242e-06 -2.7043209115517643e-06 4.8045154365779821e-05</location_covariance>
        <orientation>1</orientation>
        <reference x="-83.58061481" y="31.436174950000002" z="69.870000000000005" yaw="180.70000000000002" pitch="0.099999999999993788" roll="-0" enabled="true" rotation_enabled="false"/>
      </camera>
      <camera id="1" sensor_id="0" component_id="0" label="1_DJI_0248">
        <transform>9.9903492530948723e-01 -2.2010461500463589e-03 -4.3867680673956633e-02 1.8291468360439198e-01 -9.4948988442242069e-04 -9.9959246579998839e-01 2.8530698990005765e-02 9.0609075112767323e-01 -4.3912600478976889e-02 -2.8461512815454781e-02 -9.9862987428147232e-01 -9.9885019630539662e-01 0 0 0 1</transform>
        <rotation_covariance>2.1934965843125082e-09 1.0912619370428986e-09 4.6431278794443689e-11 1.0912619370428984e-09 4.1474035714896464e-09 3.1213080040904710e-11 4.6431278794443689e-11 3.1213080040904723e-11 4.6610281417817114e-10</rotation_covariance>
        <location_covariance>1.6957783730445723e-07 -1.1082891584032324e-07 1.9378673135711315e-06 -1.1082891584032324e-07 2.0217163703774590e-07 -2.5119984008448264e-06 1.9378673135711315e-06 -2.5119984008448264e-06 4.4640625097904082e-05</location_covariance>
        <orientation>1</orientation>
        <reference x="-83.580616199999994" y="31.436147859999998" z="69.469999999999999" yaw="180.30000000000004" pitch="0.099999999999993788" roll="-0" enabled="true" rotation_enabled="false"/>
      </camera>
      <camera id="2" sensor_id="0" component_id="0" label="1_DJI_0249">
        <transform>9.9897921918334065e-01 -1.1476931015810807e-02 -4.3689812248403743e-02 1.8571002262382760e-01 -1.0251315882126626e-02 -9.9955046487289156e-01 2.8174078424521735e-02 1.8420769013735854e+00 -4.3993524097613604e-02 -2.7697440799549854e-02 -9.9864779657826708e-01 -9.4283806926028146e-01 0 0 0 1</transform>
        <rotation_covariance>2.1655183916817180e-09 1.1870299544173901e-09 3.7317809293916118e-11 1.1870299544173897e-09 4.1166508122099287e-09 1.2079954372077457e-11 3.7317809293916066e-11 1.2079954372077429e-11 4.1925688640519544e-10</rotation_covariance>
        <location_covariance>1.7053196392641204e-07 -1.1296749469470019e-07 1.9769728367296236e-06 -1.1296749469470019e-07 2.0498314980457120e-07 -2.5828501656058867e-06 1.9769728367296236e-06 -2.5828501656058867e-06 4.5854846436453729e-05</location_covariance>
        <orientation>1</orientation>
        <reference x="-83.580615420000001" y="31.436122520000001" z="69.370000000000005" yaw="180.80000000000001" pitch="0.099999999999993788" roll="-0" enabled="true" rotation_enabled="false"/>
      </camera>
      <camera id="3" sensor_id="0" component_id="0" label="1_DJI_0250">
        <transform>9.9904628408267726e-01 3.2816412849446044e-03 -4.3540246796164229e-02 1.9178896189341604e-01 4.5095869705791417e-03 -9.9959397811076922e-01 2.8134365996803468e-02 2.7984352955750014e+00 -4.3430241605921627e-02 -2.8303882333776287e-02 -9.9865544826976582e-01 -8.7331675301145339e-01 0 0 0 1</transform>
        <rotation_covariance>2.1624623074125937e-09 1.2819472094898968e-09 2.4424850531285208e-11 1.2819472094898964e-09 4.1261221225474968e-09 -3.4841677293211188e-13 2.4424850531285202e-11 -3.4841677293212965e-13 3.9510032466236944e-10</rotation_covariance>
        <location_covariance>1.7392689060256269e-07 -1.1642989546127394e-07 2.0471287376412757e-06 -1.1642989546127394e-07 2.1130430376119925e-07 -2.6862605397293997e-06 2.0471287376412757e-06 -2.6862605397293997e-06 4.7480478656744069e-05</location_covariance>
        <orientation>1</orientation>
        <reference x="-83.580614890000007" y="31.436096769999999" z="69.469999999999999" yaw="179.90000000000001" pitch="0.099999999999993788" roll="-0" enabled="true" rotation_enabled="false"/>
      </camera>
      <camera id="4" sensor_id="0" component_id="0" label="1_DJI_0251">
        <transform>9.9837494847696306e-01 3.9946488573135486e-02 -4.0641608042710109e-02 -3.3892763634703336e+01 4.1341248809768166e-02 -9.9856379330504208e-01 3.4077145524446129e-02 -6.9806646530861784e+01 -3.9221975988847954e-02 -3.5701943237333500e-02 -9.9859251341506083e-01 -1.4844623007835716e+00 0 0 0 1</transform>
        <rotation_covariance>6.7663496354926093e-09 7.8756679269638605e-10 3.7919420091241667e-10 7.8756679269638615e-10 1.0244866711834990e-08 7.7868993274907989e-11 3.7919420091241672e-10 7.7868993274908015e-11 1.7161634620397522e-09</rotation_covariance>
        <location_covariance>3.7220042933681813e-07 -5.4311644836580358e-08 2.0449132215977225e-06 -5.4311644836580358e-08 2.0611194037975963e-07 -1.0142887307810605e-06 2.0449132215977225e-06 -1.0142887307810605e-06 3.4644051008832130e-05</location_covariance>
        <orientation>1</orientation>
        <reference x="-83.579680499999995" y="31.438023449999999" z="72.810000000000002" yaw="180.30000000000004" pitch="0.099999999999993788" roll="-0" enabled="true" rotation_enabled="false"/>
      </camera>
      <camera id="5" sensor_id="0" component_id="0" label="1_DJI_0252">
        <transform>9.9898488164473154e-01 1.1270180551054651e-02 -4.3614094919051223e-02 2.3323437895150359e-01 1.2479371611074231e-02 -9.9954245640719352e-01 2.7552552035442268e-02 4.7672859712433979e+00 -4.3283617333283203e-02 -2.8068859432111737e-02 -9.9866844728404569e-01 -7.5617232532154643e-01 0 0 0 1</transform>
        <rotation_covariance>2.2031070943242524e-09 1.4611474911055913e-09 1.5404052974665733e-11 1.4611474911055913e-09 3.9757790888537291e-09 9.6428285421291935e-12 1.5404052974665752e-11 9.6428285421292032e-12 3.9235697673321630e-10</rotation_covariance>
        <location_covariance>1.8154227793887649e-07 -1.2306054727630735e-07 2.1899326065208277e-06 -1.2306054727630735e-07 2.2330283168430023e-07 -2.8438612170355756e-06 2.1899326065208277e-06 -2.8438612170355756e-06 5.0287536091149725e-05</location_covariance>
        <orientation>1</orientation>
        <reference x="-83.580614979999993" y="31.436044580000001" z="69.569999999999993" yaw="179.90000000000001" pitch="0.099999999999993788" roll="-0" enabled="true" rotation_enabled="false"/>
      </camera>
      <camera id="6" sensor_id="0" component_id="0" label="1_DJI_0253">
        <transform>9.9772517122601934e-01 5.4199314986755537e-02 -4.0086368717777141e-02 -3.3806606005533176e+01 5.5581214193744531e-02 -9.9786823108612754e-01 3.4201199069503356e-02 -6.7767053805229466e+01 -3.8147232281781816e-02 -3.6351446243707480e-02 -9.9861071545684432e-01 -1.3735491058324452e+00 0 0 0 1</transform>
        <rotation_covariance>4.9225922276710629e-09 2.6107339024528150e-10 2.3438494235315085e-10 2.6107339024528145e-10 9.7135380195994310e-09 -1.4536068452598335e-10 2.3438494235315090e-10 -1.4536068452598338e-10 1.2022485255176747e-09</rotation_covariance>
        <location_covariance>3.3877464456190341e-07 -6.5474793697338283e-08 2.0270567720770638e-06 -6.5474793697338283e-08 1.8072573897890092e-07 -1.0727646584286936e-06 2.0270567720770638e-06 -1.0727646584286936e-06 3.4943293754933919e-05</location_covariance>
        <orientation>1</orientation>
        <reference x="-83.579681149999999" y="31.437970190000001" z="72.810000000000002" yaw="179.69999999999996" pitch="0.099999999999993788" roll="-0" enabled="true" rotation_enabled="false"/>
      </camera>
      <camera id="7" sensor_id="0" component_id="0" label="1_DJI_0254">
        <transform>9.9790952395089749e-01 5.0727943970413678e-02 -4.0040700651060676e-02 -3.3836677078328023e+01 5.2111563182811689e-02 -9.9805195987560857e-01 3.4302629215580194e-02 -6.6771092560320753e+01 -3.8222597906697790e-02 -3.6317503892644876e-02 -9.9860906861507681e-01 -1.3399662934634549e+00 0 0 0 1</transform>
        <rotation_covariance>4.4664412068499506e-09 -5.8758739552255434e-12 3.9753824687590221e-10 -5.8758739552255176e-12 9.4257917666573563e-09 -9.5122112196666541e-11 3.9753824687590236e-10 -9.5122112196666528e-11 1.3554074901395211e-09</rotation_covariance>
        <location_covariance>3.2763148380955445e-07 -6.5586192319293871e-08 2.0018614101010204e-06 -6.5586192319293871e-08 1.8310692877484004e-07 -1.0906979232506838e-06 2.0018614101010204e-06 -1.0906979232506838e-06 3.4552679814900557e-05</location_covariance>
        <orientation>1</orientation>
        <reference x="-83.579679130000002" y="31.437943870000002" z="73.010000000000005" yaw="180.09999999999999" pitch="0.099999999999993788" roll="-0" enabled="true" rotation_enabled="false"/>
      </camera>
      <camera id="8" sensor_id="0" component_id="0" label="1_DJI_0255">
        <transform>9.9902179317388273e-01 -1.2995265603556520e-02 -4.2267952819281529e-02 1.8081345178121222e-01 -1.2017139252273807e-02 -9.9965597701379838e-01 2.3313429279705811e-02 7.6701838181464490e+00 -4.2556375877551518e-02 -2.2782684049106494e-02 -9.9883427262969260e-01 -7.1614903756196779e-01 0 0 0 1</transform>
        <rotation_covariance>1.9457466960719906e-09 1.4446804924484200e-09 2.5072717703679117e-11 1.4446804924484198e-09 3.9341806170634419e-09 4.9951455100230211e-11 2.5072717703679114e-11 4.9951455100230250e-11 3.4429834403039451e-10</rotation_covariance>
        <location_covariance>1.6795402550750877e-07 -1.0319798756386938e-07 2.0661884670267501e-06 -1.0319798756386938e-07 1.8990285710995622e-07 -2.5368292265487888e-06 2.0661884670267501e-06 -2.5368292265487888e-06 5.0623099482237782e-05</location_covariance>
        <orientation>1</orientation>
        <reference x="-83.580613979999995" y="31.435967999999999" z="69.469999999999999" yaw="179.90000000000001" pitch="0.099999999999993788" roll="-0" enabled="true" rotation_enabled="false"/>
      </camera>
      <camera id="9" sensor_id="0" component_id="0" label="1_DJI_0256">
        <transform>9.9769982337114760e-01 5.4970455621831685e-02 -3.9664990279955729e-02 -3.3774490822223143e+01 5.6351711381863859e-02 -9.9781168586073155e-01 3.4587919626652031e-02 -6.4693933705404717e+01 -3.7676877120003810e-02 -3.6743551386506867e-02 -9.9861422199064986e-01 -1.3590033426427586e+00 0 0 0 1</transform>
        <rotation_covariance>3.6382337236251809e-09 -5.0807915798172206e-10 1.7593091157812860e-10 -5.0807915798172195e-10 7.9498444842049201e-09 -5.8037792605268119e-11 1.7593091157812865e-10 -5.8037792605268158e-11 9.7491328250838367e-10</rotation_covariance>
        <location_covariance>2.8084532318511657e-07 -6.5692272462688370e-08 1.8261321684135069e-06 -6.5692272462688370e-08 1.5958489354981411e-07 -1.0566563249916807e-06 1.8261321684135069e-06 -1.0566563249916807e-06 3.1854213915808133e-05</location_covariance>
        <orientation>1</orientation>
        <reference x="-83.579678849999993" y="31.437890169999999" z="72.709999999999994" yaw="179.90000000000001" pitch="0.099999999999993788" roll="-0" enabled="true" rotation_enabled="false"/>
      </camera>
      <camera id="10" sensor_id="0" component_id="0" label="1_DJI_0257">
        <transform>9.9777779001781908e-01 5.3471010207734988e-02 -3.9753400037236569e-02 -3.3735009026711552e+01 5.4853261125257353e-02 -9.9789708808375721e-01 3.4532902251082617e-02 -6.3691236452508875e+01 -3.7823292969816735e-02 -3.6636766523845732e-02 -9.9861261049898453e-01 -1.2696752577487895e+00 0 0 0 1</transform>
        <rotation_covariance>3.2426813676069031e-09 -3.6732200648172777e-10 5.3147345044844270e-11 -3.6732200648172782e-10 7.3278482248016375e-09 2.9986733473852339e-11 5.3147345044844231e-11 2.9986733473852345e-11 8.1186509697011321e-10</rotation_covariance>
        <location_covariance>2.7419532281473942e-07 -6.6686025750976265e-08 1.8880358274959564e-06 -6.6686025750976265e-08 1.5364551935224074e-07 -1.1097905865257607e-06 1.8880358274959564e-06 -1.1097905865257607e-06 3.2869383816025410e-05</location_covariance>
        <orientation>1</orientation>
        <reference x="-83.579678790000003" y="31.437863239999999" z="72.909999999999997" yaw="179.90000000000001" pitch="0.099999999999993788" roll="-0" enabled="true" rotation_enabled="false"/>
      </camera>
      <camera id="11" sensor_id="0" component_id="0" label="1_DJI_0258">
        <transform>9.9912195140726801e-01 4.8335804804840342e-03 -4.1616856150744480e-02 3.0283223526503367e-01 5.7190236131259209e-03 -9.9975924983446507e-01 2.1183369404793741e-02 1.0600568581494070e+01 -4.1504445364871259e-02 -2.1402777160128707e-02 -9.9890905599298097e-01 -6.0534511868734697e-01 0 0 0 1</transform>
        <rotation_covariance>1.8778002993491862e-09 1.4560157920175543e-09 4.4719805120761480e-11 1.4560157920175543e-09 4.0709301957438792e-09 7.3535096893555677e-11 4.4719805120761486e-11 7.3535096893555651e-11 3.2848671388222108e-10</rotation_covariance>
        <location_covariance>1.7354576702724861e-07 -9.8936837125060628e-08 2.1324609914850000e-06 -9.8936837125060628e-08 1.8445267500290443e-07 -2.5044499743756954e-06 2.1324609914850000e-06 -2.5044499743756954e-06 5.3501631546371170e-05</location_covariance>
        <orientation>1</orientation>
        <reference x="-83.580614010000005" y="31.43589016" z="69.670000000000002" yaw="179.59999999999997" pitch="0.099999999999993788" roll="-0" enabled="true" rotation_enabled="false"/>
      </camera>
      <camera id="12" sensor_id="0" component_id="0" label="1_DJI_0259">
        <transform>9.9820755131661842e-01 4.5599287940202411e-02 -3.8760668645253793e-02 -3.3641383223329704e+01 4.6922405126654555e-02 -9.9832177392420673e-01 3.3940000087736677e-02 -6.1664024205390476e+01 -3.7147979643726937e-02 -3.5697908176417936e-02 -9.9867196163716199e-01 -1.1959512042484746e+00 0 0 0 1</transform>
        <rotation_covariance>2.7326576778017323e-09 -3.6565012238668282e-10 2.3380365570479971e-11 -3.6565012238668288e-10 6.7543006159670834e-09 -5.0504168469213093e-12 2.3380365570479984e-11 -5.0504168469213384e-12 6.0739861062444971e-10</rotation_covariance>
        <location_covariance>2.4856608117151552e-07 -6.5280742174130536e-08 1.8048817370406425e-06 -6.5280742174130536e-08 1.4350978357889710e-07 -1.1078567763987496e-06 1.8048817370406425e-06 -1.1078567763987496e-06 3.2530503131140688e-05</location_covariance>
        <orientation>1</orientation>
        <reference x="-83.579679069999997" y="31.43780976" z="72.810000000000002" yaw="180.19999999999999" pitch="0.099999999999993788" roll="-0" enabled="true" rotation_enabled="false"/>
      </camera>
      <camera id="13" sensor_id="0" component_id="0" label="1_DJI_0260">
        <transform>9.9813127332481533e-01 4.7551884243312359e-02 -3.8376809610666598e-02 -3.3596295914983941e+01 4.8850019287467086e-02 -9.9823985845033647e-01 3.3628271092438870e-02 -6.0695850362286258e+01 -3.6710173339236964e-02 -3.5440136934880601e-02 -9.9869733146105888e-01 -1.1605817826543741e+00 0 0 0 1</transform>
        <rotation_covariance>2.6321506506207156e-09 -2.9909716770974765e-10 9.2932067246441086e-12 -2.9909716770974765e-10 6.5266489873208640e-09 2.6951288518017944e-11 9.2932067246441280e-12 2.6951288518017925e-11 5.7484362209772750e-10</rotation_covariance>
        <location_covariance>2.3919611398394402e-07 -6.2659503045201771e-08 1.7729887297795548e-06 -6.2659503045201771e-08 1.3879897900335248e-07 -1.1033753841693835e-06 1.7729887297795548e-06 -1.1033753841693835e-06 3.2397859799776489e-05</location_covariance>
        <orientation>1</orientation>
        <reference x="-83.579679290000001" y="31.43778408" z="72.810000000000002" yaw="179.80000000000001" pitch="0.099999999999993788" roll="-0" enabled="true" rotation_enabled="false"/>
      </camera>
      <camera id="14" sensor_id="0" component_id="0" label="1_DJI_0261">
        <transform>9.9847329185928513e-01 3.9811059446909158e-02 -3.8290533939830777e-02 -3.3547880263592930e+01 4.1090401914015175e-02 -9.9860283799269678e-01 3.3225755423717508e-02 -5.9648627797283609e+01 -3.6914283336228607e-02 -3.4748402821520606e-02 -9.9871411534388865e-01 -1.0963763319123625e+00 0 0 0 1</transform>
        <rotation_covariance>2.4689976462565186e-09 -2.7426025770633881e-10 2.3288171107541353e-12 -2.7426025770633881e-10 6.3453682826934500e-09 1.7422419645725062e-11 2.3288171107541191e-12 1.7422419645725042e-11 5.2359083988534963e-10</rotation_covariance>
        <location_covariance>2.3509206361102288e-07 -6.3407440510609911e-08 1.7892633192290330e-06 -6.3407440510609911e-08 1.3612240770862988e-07 -1.1217449685987001e-06 1.7892633192290330e-06 -1.1217449685987001e-06 3.2869980375760845e-05</location_covariance>
        <orientation>1</orientation>
        <reference x="-83.579679670000004" y="31.437756459999999" z="72.810000000000002" yaw="180.09999999999999" pitch="0.099999999999993788" roll="-0" enabled="true" rotation_enabled="false"/>
      </camera>
      <camera id="15" sensor_id="0" component_id="0" label="1_DJI_0262">
        <transform>9.9838804608277321e-01 4.2033390547368862e-02 -3.8137953774620294e-02 -3.3512649326505247e+01 4.3297597182605556e-02 -9.9851868289894830e-01 3.2950841870308889e-02 -5.8635803384267220e+01 -3.6696423766295547e-02 -3.4549008391582536e-02 -9.9872906160876418e-01 -1.0509245566911460e+00 0 0 0 1</transform>
        <rotation_covariance>2.4054583751449390e-09 -2.2235219330657840e-10 1.0554312540304475e-11 -2.2235219330657837e-10 6.2089297373124733e-09 5.5819319325000706e-12 1.0554312540304472e-11 5.5819319325000593e-12 5.0045923848743591e-10</rotation_covariance>
        <location_covariance>2.3037030639137148e-07 -6.2903975348806282e-08 1.7847597920700910e-06 -6.2903975348806282e-08 1.3458423742132062e-07 -1.1289589589688250e-06 1.7847597920700910e-06 -1.1289589589688250e-06 3.2947502796317366e-05</location_covariance>
        <orientation>1</orientation>
        <reference x="-83.579679729999995" y="31.437729560000001" z="72.909999999999997" yaw="179.59999999999997" pitch="0.099999999999993788" roll="-0" enabled="true" rotation_enabled="false"/>
      </camera>
      <camera id="16" sensor_id="0" component_id="0" label="1_DJI_0263">
        <transform>9.9907881467749138e-01 1.2393456076395856e-02 -4.1084356014198284e-02 5.1813041592084130e-01 1.3312113537131803e-02 -9.9966574702865829e-01 2.2162622832350994e-02 1.5499549298172026e+01 -4.0795951953514410e-02 -2.2689126561350376e-02 -9.9890985270948740e-01 -5.4752373533342147e-01 0 0 0 1</transform>
        <rotation_covariance>2.7534484300219803e-09 1.9046414874867531e-09 6.4382210402135597e-11 1.9046414874867531e-09 4.3354935293482951e-09 7.4653949956829768e-11 6.4382210402135597e-11 7.4653949956829807e-11 4.0939687491279256e-10</rotation_covariance>
        <location_covariance>1.8622440057975907e-07 -1.0738503917931255e-07 2.1524079139401978e-06 -1.0738503917931255e-07 2.2412395544208044e-07 -2.7815166883772616e-06 2.1524079139401978e-06 -2.7815166883772616e-06 5.4893604742636851e-05</location_covariance>
        <orientation>1</orientation>
        <reference x="-83.580615339999994" y="31.43576127" z="69.569999999999993" yaw="179.90000000000001" pitch="0.099999999999993788" roll="-0" enabled="true" rotation_enabled="false"/>
      </camera>
      <camera id="17" sensor_id="0" component_id="0" label="1_DJI_0264">
        <transform>9.9915371392832064e-01 1.0059054562670811e-03 -4.1119874725683785e-02 5.6285193151649637e-01 1.9221892657946369e-03 -9.9975059524666299e-01 2.2249775108277095e-02 1.6487322395032869e+01 -4.1087238063288463e-02 -2.2309985615313305e-02 -9.9890645378342358e-01 -4.9556322184438534e-01 0 0 0 1</transform>
        <rotation_covariance>3.0135831154666975e-09 1.9921364568221264e-09 8.4286463687955266e-11 1.9921364568221264e-09 4.3296777695291350e-09 4.9641663908571107e-11 8.4286463687955240e-11 4.9641663908571113e-11 4.8038371168753648e-10</rotation_covariance>
        <location_covariance>1.9451706781665136e-07 -1.1246543196209031e-07 2.2150928493765112e-06 -1.1246543196209031e-07 2.3992173242200481e-07 -2.9047222226478415e-06 2.2150928493765112e-06 -2.9047222226478415e-06 5.6453331424213435e-05</location_covariance>
        <orientation>1</orientation>
        <reference x="-83.580615190000003" y="31.435735050000002" z="69.569999999999993" yaw="180.70000000000002" pitch="0.099999999999993788" roll="-0" enabled="true" rotation_enabled="false"/>
      </camera>
      <camera id="18" sensor_id="0" component_id="0" label="1_DJI_0265">
        <transform>9.9902157952446569e-01 2.3121403085324455e-02 -3.7699925249360972e-02 -3.3365652563486883e+01 2.4326043409603589e-02 -9.9919773184811089e-01 3.1814089357142861e-02 -5.5594134704467891e+01 -3.6934093416185788e-02 -3.2700051818860487e-02 -9.9878254858330817e-01 -8.9319739100382955e-01 0 0 0 1</transform>
        <rotation_covariance>2.5801696434916909e-09 -5.6273591376822821e-11 7.5808286462563354e-11 -5.6273591376822782e-11 6.1950065610189298e-09 -2.7524272629347195e-11 7.5808286462563354e-11 -2.7524272629347189e-11 5.2041701708725016e-10</rotation_covariance>
        <location_covariance>2.2587743560968314e-07 -6.2110260387675355e-08 1.7948946443014880e-06 -6.2110260387675355e-08 1.3727296679501731e-07 -1.1697030502199679e-06 1.7948946443014880e-06 -1.1697030502199679e-06 3.3824074048782934e-05</location_covariance>
        <orientation>1</orientation>
        <reference x="-83.579680580000002" y="31.437649100000002" z="72.810000000000002" yaw="179.59999999999997" pitch="0.099999999999993788" roll="-0" enabled="true" rotation_enabled="false"/>
      </camera>
      <camera id="19" sensor_id="0" component_id="0" label="1_DJI_0266">
        <transform>9.9918354350150329e-01 1.3844620619255467e-02 -3.7954879471407167e-02 -3.3339520490733307e+01 1.5051007582213878e-02 -9.9938455901064605e-01 3.1685491661911730e-02 -5.4635613550755330e+01 -3.7492846871640714e-02 -3.2230881015042449e-02 -9.9877698048285735e-01 -8.5924653565856535e-01 0 0 0 1</transform>
        <rotation_covariance>2.7885123160876681e-09 -1.2440386198597422e-10 1.6104825667810137e-10 -1.2440386198597419e-10 6.1609650272899062e-09 -5.0852582193901878e-11 1.6104825667810137e-10 -5.0852582193901878e-11 5.4442379911321352e-10</rotation_covariance>
        <location_covariance>2.2497804947457317e-07 -6.4379930680816372e-08 1.8034850527324797e-06 -6.4379930680816372e-08 1.4222116584141035e-07 -1.1887415461155413e-06 1.8034850527324797e-06 -1.1887415461155413e-06 3.3738076503114270e-05</location_covariance>
        <orientation>1</orientation>
        <reference x="-83.579680289999999" y="31.437623479999999" z="72.810000000000002" yaw="179.80000000000001" pitch="0.099999999999993788" roll="-0" enabled="true" rotation_enabled="false"/>
      </camera>
      <camera id="20" sensor_id="0" component_id="0" label="1_DJI_0267">
        <transform>9.9927347249824128e-01 5.0562537648199185e-03 -3.7775143403716419e-02 -3.3298425776729843e+01 6.2103780014188918e-03 -9.9951553790938574e-01 3.0497879972068126e-02 -5.3621790487582153e+01 -3.7602637758342009e-02 -3.0710320343118130e-02 -9.9882076362981054e-01 -8.1946450188014974e-01 0 0 0 1</transform>
        <rotation_covariance>2.9800364601383715e-09 -2.2470239102580558e-10 1.7232163880848189e-10 -2.2470239102580553e-10 5.9449431245398337e-09 -4.9568186668253151e-11 1.7232163880848189e-10 -4.9568186668253151e-11 5.7561701371142814e-10</rotation_covariance>
        <location_covariance>2.2163517331467746e-07 -6.0654475868769796e-08 1.7918244925868130e-06 -6.0654475868769796e-08 1.3921067892312349e-07 -1.1420025318387824e-06 1.7918244925868130e-06 -1.1420025318387824e-06 3.3778469778274896e-05</location_covariance>
        <orientation>1</orientation>
        <reference x="-83.579679870000007" y="31.437596559999999" z="72.909999999999997" yaw="180.09999999999999" pitch="0.099999999999993788" roll="-0" enabled="true" rotation_enabled="false"/>
      </camera>
      <camera id="21" sensor_id="0" component_id="0" label="1_DJI_0268">
        <transform>9.9927150686699595e-01 -4.6915977617496126e-03 -3.7874060703928465e-02 -3.3226305858642917e+01 -3.5454888788989730e-03 -9.9953541899282095e-01 3.0271697796051295e-02 -5.2611376191927548e+01 -3.7998487764284987e-02 -3.0115363011057980e-02 -9.9882389831157892e-01 -7.9302993730137505e-01 0 0 0 1</transform>
        <rotation_covariance>2.9440682043763640e-09 -1.2437998112035134e-11 1.1487843377442155e-10 -1.2437998112035128e-11 5.8142123186651881e-09 1.9696795912590822e-12 1.1487843377442152e-10 1.9696795912590661e-12 5.0847683100456198e-10</rotation_covariance>
        <location_covariance>2.1866377504208564e-07 -5.8871499850415019e-08 1.7831597238465834e-06 -5.8871499850415019e-08 1.3531916225521873e-07 -1.1494365862531181e-06 1.7831597238465834e-06 -1.1494365862531181e-06 3.3547487092488105e-05</location_covariance>
        <orientation>1</orientation>
        <reference x="-83.579680620000005" y="31.4375699" z="72.810000000000002" yaw="180.30000000000004" pitch="0.099999999999993788" roll="-0" enabled="true" rotation_enabled="false"/>
      </camera>
      <camera id="22" sensor_id="0" component_id="0" label="1_DJI_0269">
        <transform>-9.9764395831843666e-01 -2.5032765413781563e-02 -6.3874040787005551e-02 -2.0794727774712674e+00 -2.7200566499665308e-02 9.9907526578404870e-01 3.3297784920773454e-02 1.2838618766892374e+01 6.2981438637258455e-02 3.4956744045625654e-02 -9.9740230821515052e-01 -5.5689434068858823e-01 0 0 0 1</transform>
        <rotation_covariance>4.4524238939378698e-09 4.7679146529158820e-11 5.7511040584816173e-11 4.7679146529158833e-11 1.4431733146644261e-09 -1.8608959350637074e-11 5.7511040584816166e-11 -1.8608959350637074e-11 2.4354007109812561e-10</rotation_covariance>
        <location_covariance>1.8643423276183650e-07 -1.1593164647407740e-07 2.3718361387814598e-06 -1.1593164647407740e-07 1.8714988773084916e-07 -2.4889512957973928e-06 2.3718361387814598e-06 -2.4889512957973928e-06 5.0098882195012809e-05</location_covariance>
        <orientation>1</orientation>
        <reference x="-83.580536670000001" y="31.43583521" z="69.569999999999993" yaw="0" pitch="0.099999999999993788" roll="-0" enabled="true" rotation_enabled="false"/>
      </camera>
      <camera id="23" sensor_id="0" component_id="0" label="1_DJI_0270">
        <transform>9.9920491041100790e-01 -1.3990958499528567e-02 -3.7333632167177479e-02 -3.3127526008544592e+01 -1.2919446386625509e-02 -9.9950200217309471e-01 2.8789504286069634e-02 -5.0596303058311953e+01 -3.7717832859176161e-02 -2.8284284191738174e-02 -9.9888806397522245e-01 -6.6366728503365069e-01 0 0 0 1</transform>
        <rotation_covariance>2.7003593530020975e-09 1.9177065535134313e-10 5.3385301229041521e-11 1.9177065535134313e-10 5.5235074213787746e-09 -3.4436708157606366e-12 5.3385301229041521e-11 -3.4436708157606156e-12 4.3667538333926478e-10</rotation_covariance>
        <location_covariance>2.1613878711692657e-07 -5.5444889758596003e-08 1.8156079753156528e-06 -5.5444889758596003e-08 1.2820802846751931e-07 -1.1554412786498102e-06 1.8156079753156528e-06 -1.1554412786498102e-06 3.4920954872496927e-05</location_covariance>
        <orientation>1</orientation>
        <reference x="-83.579681030000003" y="31.4375167" z="72.810000000000002" yaw="180.19999999999999" pitch="0.099999999999993788" roll="-0" enabled="true" rotation_enabled="false"/>
      </camera>
      <camera id="24" sensor_id="0" component_id="0" label="1_DJI_0271">
        <transform>9.9926629181489957e-01 -7.8882107981565648e-03 -3.7478716265408996e-02 -3.3109042053085517e+01 -6.8138748960515482e-03 -9.9956464515465526e-01 2.8706989841309677e-02 -4.9580995929034081e+01 -3.7688846511934340e-02 -2.8430552003996329e-02 -9.9888500567450100e-01 -6.3150754541016163e-01 0 0 0 1</transform>
        <rotation_covariance>2.7201577508046804e-09 1.5032876596147681e-10 6.8929964768973729e-11 1.5032876596147684e-10 5.4474908183275183e-09 -1.4993700659690608e-11 6.8929964768973729e-11 -1.4993700659690621e-11 4.2009234840785922e-10</rotation_covariance>
        <location_covariance>2.1543533918155985e-07 -5.6536342715501503e-08 1.8243175283378536e-06 -5.6536342715501503e-08 1.2975708915609776e-07 -1.1681746675579914e-06 1.8243175283378536e-06 -1.1681746675579914e-06 3.4814241360051326e-05</location_covariance>
        <orientation>1</orientation>
