<?xml version="1.0" encoding="UTF-8"?>
<document version="1.5.0">
  <chunk label="Chunk 1" enabled="true">
    <sensors next_id="1">
      <sensor id="0" label="FC6310S (8.8mm)" type="frame">
        <resolution width="5472" height="3648"/>
        <property name="pixel_width" value="0.0024122807017543861"/>
        <property name="pixel_height" value="0.0024122807017543861"/>
        <property name="focal_length" value="8.8000000000000007"/>
        <property name="layer_index" value="0"/>
        <bands>
          <band label="Red"/>
          <band label="Green"/>
          <band label="Blue"/>
        </bands>
        <data_type>uint8</data_type>
        <calibration type="frame" class="adjusted">
          <resolution width="5472" height="3648"/>
          <f>3632.6194776335697</f>
          <cx>7.1678396329559817</cx>
          <cy>1.7133416056047002</cy>
          <k1>-0.0111152811231819</k1>
          <k2>0.0036696940322650164</k2>
          <k3>0.0045177264891909851</k3>
          <p1>0.00088565903099328423</p1>
          <p2>-0.00085200190604335299</p2>
        </calibration>
        <covariance>
          <params>f cx cy k1 k2 k3 p1 p2</params>
          <coeffs>2.6399199456336600e+01 5.7864526788780679e-01 3.3894879368277453e-01 -1.7004134714802263e-04 1.1312944312859855e-04 1.9135451517835795e-04 6.1844016042582035e-06 -7.0227806126100631e-06 5.7864526788780679e-01 2.0606065933613232e-02 7.6557952388785697e-03 -3.7476453644768924e-06 2.5563167168762357e-06 4.1253596415436274e-06 1.3301131541793074e-07 -1.5725186802458218e-07 3.3894879368277453e-01 7.6557952388785697e-03 8.3391115511960660e-03 -2.1816286610722143e-06 1.4442381299905701e-06 2.4670575872995732e-06 7.9184885155930782e-08 -9.1985400297102955e-08 -1.7004134714802263e-04 -3.7476453644768924e-06 -2.1816286610722143e-06 1.1615628040243225e-09 -9.0389846447963519e-10 -1.0960145279040368e-09 -4.0050639145054477e-11 4.5336576592732336e-11 1.1312944312859855e-04 2.5563167168762357e-06 1.4442381299905701e-06 -9.0389846447963519e-10 1.0020893487894030e-09 3.9554430600840483e-10 2.6391366858213281e-11 -3.0310639244918722e-11 1.9135451517835795e-04 4.1253596415436274e-06 2.4670575872995732e-06 -1.0960145279040368e-09 3.9554430600840483e-10 1.7486914227011740e-09 4.5074923641052565e-11 -5.0703693108643920e-11 6.1844016042582035e-06 1.3301131541793074e-07 7.9184885155930782e-08 -4.0050639145054477e-11 2.6391366858213281e-11 4.5074923641052565e-11 1.9164425465910034e-12 -1.7122903890604138e-12 -7.0227806126100631e-06 -1.5725186802458218e-07 -9.1985400297102955e-08 4.5336576592732336e-11 -3.0310639244918722e-11 -5.0703693108643920e-11 -1.7122903890604138e-12 2.8783155125663146e-12</coeffs>
        </covariance>
        <meta>
          <property name="Exif/BodySerialNumber" value="91729d101b4029bd904de8ef6494c684"/>
          <property name="Exif/Make" value="DJI"/>
          <property name="Exif/Model" value="FC6310S"/>
          <property name="Exif/Software" value="v01.08.1719"/>
        </meta>
      </sensor>
    </sensors>
    <components next_id="1" active_id="0">
      <component id="0" label="Component 1">
        <transform>
          <rotation locked="true">-9.8768797194169822e-01 4.0779630306570162e-02 1.5102811603722932e-01 -1.5121155662804983e-01 -4.9630316682435383e-01 -8.5487907433872734e-01 4.0094079660436550e-02 -8.6719097570960502e-01 4.9635901968636104e-01</rotation>
          <translation locked="true">6.0907664134624100e+05 -5.4128707955511203e+06 3.3072484712967975e+06</translation>
          <scale locked="true">2.9896615461172980e+00</scale>
        </transform>
        <region>
          <center>5.7635873523656267e+00 -4.3562363441008536e+01 -4.2677410670237643e+00</center>
          <size>1.3028039045906576e+02 6.8489670983015074e+01 2.0404589993258067e+01</size>
          <R>-4.1762602237033569e-02 -9.9880666675882901e-01 -2.5320495502832895e-02 9.9761945059268509e-01 -4.0294270065277971e-02 -5.5962519591738431e-02 5.4875466772872125e-02 -2.7597359258162691e-02 9.9811175171342181e-01</R>
        </region>
        <partition>
          <partition>
            <partition>
              <partition>
                <camera_ids>308 309 310 311 312 469 470 471 472 473 474 475 476 477 478 479 480 481 482 483 484 485 486 487 488 489 490 491 492 493 494 495 496 647 648 649 650 651 652 653 654 655 656 657 658 659 660 661 662 663 664 665 666 667 668 669 670 671 672 673 674 843 844 845 846 847 848 849 850 851 852 853 1296 1297 1298 1299 1300 1301 1302 1303 1304</camera_ids>
              </partition>
              <partition>
                <camera_ids>6 9 10 11 12 13 16 19 20 24 28 30 161 162 163 165 166 169 170 172 173 175 177 179 180 181 182 183 185 187 188 943 944 950 951 953 954 957 958 959 961 962 963 965 1097 1101 1104 1105 1108 1111 1113 1115 1121 1123 1283 1284 1285 1286 1287 1288 1289 1290 1291 1292 1293 1294 1295</camera_ids>
              </partition>
              <partition>
                <camera_ids>82 85 86 88 89 90 91 93 98 101 102 103 104 106 675 676 677 678 679 680 681 682 683 684 685 686 687 688 689 690 691 692 693 694 695 696 697 698 699 700 701 702 703 704 705 706 707 708 709 710 711 712 713 714 715 802 803 804 805 806 807 808 809 810 811 812 813 814 815 816 817 818 819 820 821 822 823 824 825 826 827 828 829 830 831 832 833 834 835 836 837 838 839 840 841 842 854 855 856 857 858 859 860 861 1020 1021 1024 1029 1031 1032 1033 1034 1036 1037 1042 1044 1045</camera_ids>
              </partition>
            </partition>
            <partition>
              <partition>
                <camera_ids>313 314 315 316 317 318 319 320 321 322 323 460 461 462 463 464 465 466 467 468 497 498 499 500 501 502 503 504 505 506 507 508 509 510 511 512 513 514 515 516 517 518 519 520 629 630 631 632 633 634 635 636 637 638 639 640 641 642 643 644 645 646 1269 1270 1271 1272 1273 1274 1275 1276 1277 1278 1279 1280 1281 1282</camera_ids>
              </partition>
              <partition>
                <camera_ids>3 31 35 38 39 43 44 46 47 48 49 50 51 52 53 55 56 57 58 132 134 135 138 139 140 141 142 143 145 151 152 156 158 159 190 195 198 199 200 201 203 936 937 938 940 941 968 969 970 971 973 974 977 978 979 982 991 996 1070 1073 1074 1081 1083 1084 1085 1086 1087 1090 1091 1092 1094 1126 1128 1129 1130 1131 1133 1134 1139</camera_ids>
              </partition>
            </partition>
          </partition>
          <partition>
            <partition>
              <partition>
                <camera_ids>324 325 326 327 328 329 330 331 332 333 334 335 336 337 338 339 340 341 342 343 344 345 346 347 348 349 350 351 352 353 354 355 356 357 358 359 360 361 362 363 364 365 418 419 420 421 422 423 424 425 426 427 428 429 430 431 432 433 434 435 436 437 438 439 440 441 442 443 444 445 446 447 448 449 450 451 452 453 454 455 456 457 458 459</camera_ids>
              </partition>
              <partition>
                <camera_ids>521 522 523 524 525 526 527 528 529 530 531 532 533 534 535 536 537 538 539 540 541 542 543 544 545 546 575 576 577 578 579 580 581 582 583 584 585 586 587 588 589 590 591 592 593 594 595 596 597 598 599 600 601 602 603 604 605 606 607 608 609 610 611 612 613 614 615 616 617 618 619 620 621 622 623 624 625 626 627 628 733 734 735 736 737 738 739 740 741 742 743 744 745 746 747 748 749 750 751 752 753 754 755 756 757 758</camera_ids>
              </partition>
              <partition>
                <camera_ids>391 392 393 394 395 396 397 398 399 400 401 402 403 404 405 406 407 408 409 410 411 412 413 414 415 416 417 547 548 549 550 551 552 553 554 555 556 557 558 559 560 561 562 563 564 565 566 567 568 569 570 571 572 573 574</camera_ids>
              </partition>
            </partition>
            <partition>
              <partition>
                <camera_ids>61 64 65 66 68 72 78 79 80 108 109 110 123 124 125 129 131 204 206 208 209 210 211 212 215 216 219 220 221 222 223 227 229 232 235 238 239 241 295 296 300 301 302 303 304 307 997 999 1000 1004 1006 1007 1008 1010 1011 1012 1013 1014 1018 1019 1048 1049 1050 1051 1052 1053 1054 1055 1056 1057 1058 1059 1063 1064 1065 1067 1142 1144 1150 1151 1154 1155 1161 1162 1163 1165 1167 1168 1170 1171 1173 1174 1177 1231 1234 1235 1236 1242 1243 1245 1246 1247 1248 1249 1250 1251 1252 1253 1254 1255 1256 1257 1258 1259 1260 1261 1262 1263 1264 1265 1266 1267 1268</camera_ids>
              </partition>
              <partition>
                <camera_ids>83 84 87 92 94 95 96 97 99 100 105 107 243 244 246 248 249 250 255 256 259 260 262 263 264 265 267 268 272 277 278 279 281 282 283 289 291 292 366 367 368 369 370 371 372 373 374 375 376 377 378 379 380 381 382 383 384 385 386 387 388 389 390 1022 1023 1025 1026 1027 1028 1030 1035 1038 1039 1040 1041 1043 1179 1182 1184 1188 1189 1190 1191 1194 1195 1198 1203 1206 1207 1208 1210 1211 1212 1213 1217 1221 1222 1223 1224 1225 1227 1230</camera_ids>
              </partition>
            </partition>
          </partition>
          <partition>
            <partition>
              <partition>
                <camera_ids>111 112 113 114 115 116 117 118 119 120 121 122 126 127 128 130 133 136 137 234 236 237 240 242 245 247 251 252 253 254 257 258 261 266 1046 1047 1060 1061 1062 1066 1068 1069 1071 1072 1075 1076 1077 1078 1079 1080 1172 1175 1176 1178 1180 1181 1183 1185 1186 1187 1192 1193 1196 1197 1199 1200 1201 1202 1204</camera_ids>
              </partition>
              <partition>
                <camera_ids>36 37 40 41 42 45 54 59 60 62 63 67 69 70 71 73 74 75 76 77 81 862 863 864 865 866 867 868 869 870 871 872 873 874 875 876 877 878 879 880 881 882 883 884 885 886 887 888 889 890 891 892 893 894 895 896 897 898 899 900 901 902 903 904 905 906 907 908 909 910 972 975 976 980 981 983 984 985 986 987 988 989 990 992 993 994 995 998 1001 1002 1003 1005 1009 1015 1016 1017</camera_ids>
              </partition>
              <partition>
                <camera_ids>144 146 147 148 149 150 153 189 191 192 193 194 196 197 202 205 207 213 214 217 218 224 225 226 228 230 231 233 269 270 271 273 274 275 276 280 284 285 286 287 288 290 293 294 297 298 299 305 306 1082 1088 1089 1127 1132 1135 1136 1137 1138 1140 1141 1143 1145 1146 1147 1148 1149 1152 1153 1156 1157 1158 1159 1160 1164 1166 1169 1205 1209 1214 1215 1216 1218 1219 1220 1226 1228 1229 1232 1233 1237 1238 1239 1240 1241 1244</camera_ids>
              </partition>
            </partition>
            <partition>
              <partition>
                <camera_ids>5 7 8 14 15 17 18 21 22 23 25 26 27 29 32 33 34 154 155 157 160 164 167 168 171 174 176 178 184 186 942 945 946 947 948 949 952 955 956 960 964 966 967 1093 1095 1096 1098 1099 1100 1102 1103 1106 1107 1109 1110 1112 1114 1116 1117 1118 1119 1120 1122 1124 1125</camera_ids>
              </partition>
              <partition>
                <camera_ids>0 1 2 4 716 717 718 719 720 721 722 723 724 725 726 727 728 729 730 731 732 759 760 761 762 763 764 765 766 767 768 769 770 771 772 773 774 775 776 777 778 779 780 781 782 783 784 785 786 787 788 789 790 791 792 793 794 795 796 797 798 799 800 801 911 912 913 914 915 916 917 918 919 920 921 922 923 924 925 926 927 928 929 930 931 932 933 934 935 939</camera_ids>
              </partition>
            </partition>
          </partition>
        </partition>
      </component>
    </components>
    <cameras next_id="1305" next_group_id="0">
      <camera id="0" sensor_id="0" component_id="0" label="1_DJI_0631">
        <transform>-9.8989831050288535e-01 -1.2411222232882518e-01 -6.8538245762010175e-02 -1.4151177438110663e+00 -1.2654615687497831e-01 9.9143224150492770e-01 3.2375618676527607e-02 -8.5584252313671101e+01 6.3932816641430926e-02 4.0721821829515503e-02 -9.9712302560074195e-01 -1.2662602840678392e+00 0 0 0 1</transform>
        <rotation_covariance>5.5663799906613033e-09 3.7049959545382796e-10 1.6094706806156722e-10 3.7049959545382785e-10 8.0318293649705693e-09 -5.8346595131502837e-11 1.6094706806156717e-10 -5.8346595131502812e-11 8.1419317856240637e-10</rotation_covariance>
        <location_covariance>3.0710308598367589e-07 -2.9104364390923487e-08 1.2294405522268506e-06 -2.9104364390923487e-08 1.6370400679214973e-07 -2.7133413026757997e-07 1.2294405522268506e-06 -2.7133413026757997e-07 2.1902372671947550e-05</location_covariance>
        <orientation>1</orientation>
        <reference x="-83.579754120000004" y="31.43799121" z="87.329999999999998" yaw="359.89999999999998" pitch="0.099999999999993788" roll="-0" enabled="true" rotation_enabled="false"/>
      </camera>
      <camera id="1" sensor_id="0" component_id="0" label="1_DJI_0632">
        <transform>-9.8966157000911004e-01 -1.2605639051062711e-01 -6.8408795184066812e-02 -1.3864524463407961e+00 -1.2848514895697913e-01 9.9118428962450911e-01 3.2330643344347799e-02 -8.6586044537047684e+01 6.3730238855712912e-02 4.0785909490764133e-02 -9.9713337434989358e-01 -1.3214309000339799e+00 0 0 0 1</transform>
        <rotation_covariance>7.5755523501216302e-09 4.1335164363567488e-10 2.2023101406906152e-10 4.1335164363567488e-10 8.2540315533506009e-09 -1.4047322608320374e-10 2.2023101406906157e-10 -1.4047322608320374e-10 9.2259941670794462e-10</rotation_covariance>
        <location_covariance>3.1781120451355760e-07 -2.8803978104398866e-08 1.2145263667550112e-06 -2.8803978104398866e-08 1.9585981363066123e-07 -2.3078747770620895e-07 1.2145263667550112e-06 -2.3078747770620895e-07 2.1763959609555051e-05</location_covariance>
        <orientation>1</orientation>
        <reference x="-83.579754469999997" y="31.43801792" z="87.329999999999998" yaw="359.89999999999998" pitch="0.099999999999993788" roll="-0" enabled="true" rotation_enabled="false"/>
      </camera>
      <camera id="2" sensor_id="0" component_id="0" label="1_DJI_0633">
        <transform>-9.9008697766229004e-01 -1.2283830273399471e-01 -6.8106740084831058e-02 -1.3901177346985225e+00 -1.2521741819875273e-01 9.9161882494297315e-01 3.1823013659227947e-02 -8.7534526164156020e+01 6.3626840587836381e-02 4.0035701569326829e-02 -9.9717038050508788e-01 -1.3374358618848108e+00 0 0 0 1</transform>
        <rotation_covariance>1.0022396608280845e-08 1.7246873403006334e-10 3.3279924268499927e-10 1.7246873403006311e-10 8.6096750154076117e-09 -2.7382828186984107e-10 3.3279924268499927e-10 -2.7382828186984107e-10 1.1577683024537340e-09</rotation_covariance>
        <location_covariance>3.3690174434110348e-07 -3.2465879021095057e-08 1.2182469411289006e-06 -3.2465879021095057e-08 2.3429030581017247e-07 -1.6608208034934923e-07 1.2182469411289006e-06 -1.6608208034934923e-07 2.2108534896557141e-05</location_covariance>
        <orientation>1</orientation>
        <reference x="-83.579754050000005" y="31.438044090000002" z="87.230000000000004" yaw="0" pitch="0.099999999999993788" roll="-0" enabled="true" rotation_enabled="false"/>
      </camera>
      <camera id="3" sensor_id="0" component_id="0" label="1_DJI_0634">
        <transform>9.9817594452058911e-01 4.3045116215904844e-02 -4.2330860496676774e-02 2.5007289036440763e+01 4.3829376569841115e-02 -9.9888086813120147e-01 1.7776305323567498e-02 -1.4360396133122933e+01 -4.1518303553118911e-02 -1.9599215581672325e-02 -9.9894549461852744e-01 -8.9044621515714995e-01 0 0 0 1</transform>
        <rotation_covariance>1.2184854297963820e-09 6.5515383843772000e-10 6.9537558289773879e-11 6.5515383843772000e-10 2.8856362323787687e-09 2.0296524614934514e-11 6.9537558289773891e-11 2.0296524614934527e-11 2.5870878024530343e-10</rotation_covariance>
        <location_covariance>1.2523204266479364e-07 -5.5966070619311523e-08 1.2690472278489434e-06 -5.5966070619311523e-08 1.1656359141688195e-07 -1.3804780932655376e-06 1.2690472278489434e-06 -1.3804780932655376e-06 3.0949037180277511e-05</location_covariance>
        <orientation>1</orientation>
        <reference x="-83.580615440000003" y="31.436095250000001" z="83.459999999999994" yaw="180.50000000000003" pitch="0.099999999999993788" roll="-0" enabled="true" rotation_enabled="false"/>
      </camera>
      <camera id="4" sensor_id="0" component_id="0" label="1_DJI_0635">
        <transform>-9.9014203221832386e-01 -1.2232417114698958e-01 -6.8231614283774153e-02 -1.4063589032299237e+00 -1.2458979132054647e-01 9.9175513568815465e-01 2.9985575446740131e-02 -8.9540541209480821e+01 6.4001093219338279e-02 3.8190941195150985e-02 -9.9721878846989132e-01 -1.4998482702048843e+00 0 0 0 1</transform>
        <rotation_covariance>3.7409400701606902e-08 2.5344355634492392e-09 3.5863512620437457e-10 2.5344355634492409e-09 1.1850407106704680e-08 -2.9676413787751147e-10 3.5863512620437483e-10 -2.9676413787751158e-10 4.9498111355842378e-09</rotation_covariance>
        <location_covariance>4.1373169886240782e-07 -2.2553865071344273e-08 1.1640873371170162e-06 -2.2553865071344273e-08 6.2491977387037134e-07 1.3602163751513490e-07 1.1640873371170162e-06 1.3602163751513490e-07 2.1295201695146406e-05</location_covariance>
        <orientation>1</orientation>
        <reference x="-83.579753299999993" y="31.438098149999998" z="87.230000000000004" yaw="0" pitch="0.099999999999993788" roll="-0" enabled="true" rotation_enabled="false"/>
      </camera>
      <camera id="5" sensor_id="0" component_id="0" label="1_DJI_0636">
        <transform>8.9746742288451942e-01 4.3891957731227055e-01 -4.3609970339779425e-02 -3.9466246156115963e+00 4.4018970521606937e-01 -8.9754732215993660e-01 2.5334322673328580e-02 -8.9345051815673671e+01 -2.8022281898673191e-02 -4.1933389268505594e-02 -9.9872736148643049e-01 -1.1936553396231235e+00 0 0 0 1</transform>
        <rotation_covariance>1.9361995874801758e-08 4.0689236243888012e-09 -1.5016677812791807e-09 4.0689236243888012e-09 1.5714770967065389e-08 8.8690605099982031e-10 -1.5016677812791805e-09 8.8690605099982042e-10 3.8448925286471054e-09</rotation_covariance>
        <location_covariance>5.0099307628425137e-07 -1.5245482395577012e-08 1.3426113149488804e-06 -1.5245482395577012e-08 4.7644157632925081e-07 -8.1061958048384528e-08 1.3426113149488804e-06 -8.1061958048384528e-08 2.3149569496255968e-05</location_covariance>
        <orientation>1</orientation>
        <reference x="-83.579672669999994" y="31.438091920000002" z="87.329999999999998" yaw="160.69999999999999" pitch="0.099999999999993788" roll="-0" enabled="true" rotation_enabled="false"/>
      </camera>
      <camera id="6" sensor_id="0" component_id="0" label="1_DJI_0637">
        <transform>9.9830047049343351e-01 4.0242308232931207e-02 -4.2151242457073468e-02 2.4962677914476949e+01 4.1073158170507960e-02 -9.9897482875243049e-01 1.9033843462416655e-02 -1.1495230917462395e+01 -4.1342064419785246e-02 -2.0732779532351586e-02 -9.9892992024584637e-01 -7.4281525155680850e-01 0 0 0 1</transform>
        <rotation_covariance>1.4289149372465604e-09 9.3982328732715170e-10 1.0147223694416800e-10 9.3982328732715149e-10 2.6978501464990025e-09 4.2472100781399946e-11 1.0147223694416799e-10 4.2472100781399953e-11 2.5871244948156929e-10</rotation_covariance>
        <location_covariance>1.2910224931331210e-07 -6.5413495024156877e-08 1.3621535286494664e-06 -6.5413495024156877e-08 1.4087538638718267e-07 -1.6319400235474262e-06 1.3621535286494664e-06 -1.6319400235474262e-06 3.3146220901835423e-05</location_covariance>
        <orientation>1</orientation>
        <reference x="-83.580615399999999" y="31.436017580000001" z="83.560000000000002" yaw="180.60000000000002" pitch="0.099999999999993788" roll="-0" enabled="true" rotation_enabled="false"/>
      </camera>
      <camera id="7" sensor_id="0" component_id="0" label="1_DJI_0638">
        <transform>9.9302802136049628e-01 1.0913736601624013e-01 -4.4546426701760164e-02 -3.8574512329204578e+00 1.1025247671927788e-01 -9.9362841971189508e-01 2.3387067325922939e-02 -8.7327884596340539e+01 -4.1710192640686025e-02 -2.8135367064948569e-02 -9.9873352849996844e-01 -1.1857250316985475e+00 0 0 0 1</transform>
        <rotation_covariance>6.9899525049091736e-09 8.5710977999687140e-10 4.8423852018683890e-10 8.5710977999687130e-10 9.6131003816360978e-09 6.3323340405539920e-10 4.8423852018683901e-10 6.3323340405539910e-10 1.3207770675048374e-09</rotation_covariance>
        <location_covariance>3.7434301379450433e-07 -2.2633564004432394e-08 1.2502646159122786e-06 -2.2633564004432394e-08 2.0035489391853842e-07 -2.9953812730925335e-07 1.2502646159122786e-06 -2.9953812730925335e-07 2.2077183247415999e-05</location_covariance>
        <orientation>1</orientation>
        <reference x="-83.579676070000005" y="31.438037390000002" z="87.230000000000004" yaw="180.40000000000003" pitch="0.099999999999993788" roll="-0" enabled="true" rotation_enabled="false"/>
      </camera>
      <camera id="8" sensor_id="0" component_id="0" label="1_DJI_0639">
        <transform>9.9190180035970332e-01 1.1887799275037955e-01 -4.4708402821177398e-02 -3.8692464079028350e+00 1.2002862309172603e-01 -9.9248055722454842e-01 2.3989021863216525e-02 -8.6273375954006966e+01 -4.1520453777437578e-02 -2.9161042006248888e-02 -9.9871201331876713e-01 -1.1435331422588508e+00 0 0 0 1</transform>
        <rotation_covariance>5.5981154973381852e-09 4.4858089008300788e-10 2.6322567921465220e-10 4.4858089008300768e-10 9.1623008270331685e-09 3.3522147855920314e-10 2.6322567921465220e-10 3.3522147855920314e-10 9.5643409585857141e-10</rotation_covariance>
        <location_covariance>3.4889232557701220e-07 -3.0638604952069050e-08 1.2519707212051811e-06 -3.0638604952069050e-08 1.7722526091227732e-07 -3.5346917000163812e-07 1.2519707212051811e-06 -3.5346917000163812e-07 2.2024414217295881e-05</location_covariance>
        <orientation>1</orientation>
        <reference x="-83.579676039999995" y="31.438009579999999" z="87.329999999999998" yaw="179.69999999999996" pitch="0.099999999999993788" roll="-0" enabled="true" rotation_enabled="false"/>
      </camera>
      <camera id="9" sensor_id="0" component_id="0" label="1_DJI_0640">
        <transform>9.9808372704041237e-01 4.4284731833339447e-02 -4.3217315321162492e-02 2.4908707147868562e+01 4.5109049548778458e-02 -9.9881465420847859e-01 1.8288252710511876e-02 -8.6767548303159963e+00 -4.2356197491340321e-02 -2.0202699444552330e-02 -9.9889829485750325e-01 -5.8009463656864635e-01 0 0 0 1</transform>
        <rotation_covariance>1.3603273814811315e-09 9.1284079884981629e-10 1.0513290226598222e-10 9.1284079884981639e-10 2.4565656180867563e-09 5.3175176340484159e-11 1.0513290226598222e-10 5.3175176340484179e-11 2.2189221779875747e-10</rotation_covariance>
        <location_covariance>1.4259883915154506e-07 -7.4500697847667559e-08 1.5599711572666913e-06 -7.4500697847667559e-08 1.4725222074887234e-07 -1.7522367368484699e-06 1.5599711572666913e-06 -1.7522367368484699e-06 3.5746074319172865e-05</location_covariance>
        <orientation>1</orientation>
        <reference x="-83.580615899999998" y="31.435941150000001" z="83.560000000000002" yaw="180.30000000000004" pitch="0.099999999999993788" roll="-0" enabled="true" rotation_enabled="false"/>
      </camera>
      <camera id="10" sensor_id="0" component_id="0" label="1_DJI_0641">
        <transform>9.9816188979638643e-01 4.2033603877315778e-02 -4.3657964945610347e-02 2.4868168673124437e+01 4.2859032059754498e-02 -9.9891633353637732e-01 1.8145577013189418e-02 -7.7005187117939577e+00 -4.2847930276831050e-02 -1.9983361562198654e-02 -9.9888173480731246e-01 -5.2744656036150950e-01 0 0 0 1</transform>
        <rotation_covariance>1.3722195693918146e-09 9.1989069680381819e-10 9.3012607817743008e-11 9.1989069680381809e-10 2.3926524717141077e-09 5.7010832226797344e-11 9.3012607817743034e-11 5.7010832226797338e-11 2.0425621160920916e-10</rotation_covariance>
        <location_covariance>1.4845847492882458e-07 -7.8124477765507907e-08 1.6328031833708737e-06 -7.8124477765507907e-08 1.5017543946521459e-07 -1.8010019756398191e-06 1.6328031833708737e-06 -1.8010019756398191e-06 3.6598823188705987e-05</location_covariance>
        <orientation>1</orientation>
        <reference x="-83.580615519999995" y="31.43591507" z="83.659999999999997" yaw="180.40000000000003" pitch="0.099999999999993788" roll="-0" enabled="true" rotation_enabled="false"/>
      </camera>
      <camera id="11" sensor_id="0" component_id="0" label="1_DJI_0642">
        <transform>9.9803525703903473e-01 4.4810638941781070e-02 -4.3790779219567755e-02 2.4837740561130808e+01 4.5630601897826521e-02 -9.9879786401856485e-01 1.7907400771591808e-02 -6.8030019726438642e+00 -4.2935694677851258e-02 -1.9870416945340419e-02 -9.9888021937214710e-01 -5.0326944405483032e-01 0 0 0 1</transform>
        <rotation_covariance>1.3768541097747725e-09 9.2290286280559388e-10 8.5130027705097301e-11 9.2290286280559368e-10 2.3755061955687164e-09 5.8872347298142987e-11 8.5130027705097275e-11 5.8872347298142999e-11 1.9310806929558933e-10</rotation_covariance>
        <location_covariance>1.5155063321814298e-07 -7.9205321739486246e-08 1.6656279113029935e-06 -7.9205321739486246e-08 1.5100345764046505e-07 -1.8130545941916045e-06 1.6656279113029935e-06 -1.8130545941916045e-06 3.6993367291424755e-05</location_covariance>
        <orientation>1</orientation>
        <reference x="-83.580615879999996" y="31.43589047" z="83.659999999999997" yaw="180.09999999999999" pitch="0.099999999999993788" roll="-0" enabled="true" rotation_enabled="false"/>
      </camera>
      <camera id="12" sensor_id="0" component_id="0" label="1_DJI_0643">
        <transform>9.9827912868006696e-01 3.9145525122153566e-02 -4.3662445014882534e-02 2.4794482059506716e+01 3.9938062942372128e-02 -9.9905013959260414e-01 1.7428990458693061e-02 -5.8526055927960581e+00 -4.2938704803218264e-02 -1.9142790886099492e-02 -9.9889429930644458e-01 -4.5779751150229053e-01 0 0 0 1</transform>
        <rotation_covariance>1.3912458119941237e-09 9.3988714341013379e-10 7.8014131367685851e-11 9.3988714341013379e-10 2.3735431127924315e-09 6.0710305881884578e-11 7.8014131367685851e-11 6.0710305881884578e-11 1.8378593143059094e-10</rotation_covariance>
        <location_covariance>1.5416093302032066e-07 -7.9589455557139489e-08 1.6925591414908143e-06 -7.9589455557139489e-08 1.5236932425694323e-07 -1.8332204952035079e-06 1.6925591414908143e-06 -1.8332204952035079e-06 3.7755211793198261e-05</location_covariance>
        <orientation>1</orientation>
        <reference x="-83.580615499999993" y="31.435864710000001" z="83.560000000000002" yaw="180.40000000000003" pitch="0.099999999999993788" roll="-0" enabled="true" rotation_enabled="false"/>
      </camera>
      <camera id="13" sensor_id="0" component_id="0" label="1_DJI_0644">
        <transform>9.9838512746495645e-01 3.6990504552772516e-02 -4.3114264805451677e-02 2.4751188556654402e+01 3.7753541894901058e-02 -9.9914212744247610e-01 1.7019966043206936e-02 -4.9187034735462882e+00 -4.2447701129428014e-02 -1.8620197170096442e-02 -9.9892516282561084e-01 -4.3090755118035223e-01 0 0 0 1</transform>
        <rotation_covariance>1.4121432127345208e-09 9.7425958370130640e-10 7.6826750792673784e-11 9.7425958370130619e-10 2.4160941666212590e-09 6.1166727429391496e-11 7.6826750792673758e-11 6.1166727429391522e-11 1.8023943461950781e-10</rotation_covariance>
        <location_covariance>1.5346576421355191e-07 -7.7980890223242376e-08 1.6750281825161861e-06 -7.7980890223242376e-08 1.5360502353197018e-07 -1.8407896675454790e-06 1.6750281825161861e-06 -1.8407896675454790e-06 3.8211873220592227e-05</location_covariance>
        <orientation>1</orientation>
        <reference x="-83.580614819999994" y="31.43583894" z="83.659999999999997" yaw="180.40000000000003" pitch="0.099999999999993788" roll="-0" enabled="true" rotation_enabled="false"/>
      </camera>
      <camera id="14" sensor_id="0" component_id="0" label="1_DJI_0645">
        <transform>9.9347056800278111e-01 1.0507482543576610e-01 -4.4446727347172657e-02 -3.9699513582649848e+00 1.0625163257827981e-01 -9.9402512266868881e-01 2.4992920556582213e-02 -8.0265729573141954e+01 -4.1555036838882231e-02 -2.9552268324794895e-02 -9.9869907497212507e-01 -1.0073618623171734e+00 0 0 0 1</transform>
        <rotation_covariance>3.0381361887679957e-09 -1.2662853504175219e-10 1.1155505814862518e-10 -1.2662853504175225e-10 8.4115031182427057e-09 2.4687385348269247e-10 1.1155505814862519e-10 2.4687385348269247e-10 6.3389817158507985e-10</rotation_covariance>
        <location_covariance>2.7397765563076435e-07 -3.3395575443285578e-08 1.1497023536689880e-06 -3.3395575443285578e-08 1.3628764420258155e-07 -4.8698382216292057e-07 1.1497023536689880e-06 -4.8698382216292057e-07 2.0643393368385522e-05</location_covariance>
        <orientation>1</orientation>
        <reference x="-83.579675519999995" y="31.437849539999998" z="87.230000000000004" yaw="180.19999999999999" pitch="0.099999999999993788" roll="-0" enabled="true" rotation_enabled="false"/>
      </camera>
      <camera id="15" sensor_id="0" component_id="0" label="1_DJI_0646">
        <transform>9.9341442805206026e-01 1.0576645197135059e-01 -4.4059411882023732e-02 -3.9623840952719296e+00 1.0693823100041933e-01 -9.9394778442000709e-01 2.5139940275589863e-02 -7.9268336875319093e+01 -4.1133792537265221e-02 -2.9686014955720538e-02 -9.9871254704622081e-01 -9.4364958164497537e-01 0 0 0 1</transform>
        <rotation_covariance>2.8787625422847844e-09 -1.7643000663593676e-10 1.1355135855975615e-10 -1.7643000663593686e-10 8.3557051656529157e-09 2.2675890588932802e-10 1.1355135855975618e-10 2.2675890588932812e-10 5.8956419167053305e-10</rotation_covariance>
        <location_covariance>2.6832826976018135e-07 -3.4441346180040858e-08 1.1526067223898776e-06 -3.4441346180040858e-08 1.3398658862572551e-07 -5.1699323021627291e-07 1.1526067223898776e-06 -5.1699323021627291e-07 2.0990356050269580e-05</location_covariance>
        <orientation>1</orientation>
        <reference x="-83.579675769999994" y="31.43782276" z="87.230000000000004" yaw="179.90000000000001" pitch="0.099999999999993788" roll="-0" enabled="true" rotation_enabled="false"/>
      </camera>
      <camera id="16" sensor_id="0" component_id="0" label="1_DJI_0647">
        <transform>9.9870701604660050e-01 2.8006263432356213e-02 -4.2425762313146459e-02 2.4744028717912880e+01 2.8671770833721272e-02 -9.9947391561046350e-01 1.5159867134862226e-02 -1.9878444925932302e+00 -4.1978871549300849e-02 -1.6356687404409598e-02 -9.9898460104277986e-01 -3.2094969232210685e-01 0 0 0 1</transform>
        <rotation_covariance>1.6436583107517012e-09 1.0068181902229546e-09 1.0295852401530428e-10 1.0068181902229546e-09 2.5395495364406551e-09 4.2718907627246126e-11 1.0295852401530425e-10 4.2718907627246126e-11 2.2280493367489309e-10</rotation_covariance>
        <location_covariance>1.6348592577814464e-07 -7.6008281031507920e-08 1.7223151732250542e-06 -7.6008281031507920e-08 1.6240254706073981e-07 -1.8433272334766159e-06 1.7223151732250542e-06 -1.8433272334766159e-06 4.0313444098680788e-05</location_covariance>
        <orientation>1</orientation>
        <reference x="-83.580616199999994" y="31.435759010000002" z="83.459999999999994" yaw="180.50000000000003" pitch="0.099999999999993788" roll="-0" enabled="true" rotation_enabled="false"/>
      </camera>
      <camera id="17" sensor_id="0" component_id="0" label="1_DJI_0648">
        <transform>9.9432812364381995e-01 9.6820515313700506e-02 -4.4015569351648180e-02 -3.9738037108603832e+00 9.7957606993207061e-02 -9.9489017294549109e-01 2.4450991976883441e-02 -7.7233386329677174e+01 -4.1423299761422547e-02 -2.8623968817734984e-02 -9.9873158488454561e-01 -8.7874444209508906e-01 0 0 0 1</transform>
        <rotation_covariance>2.6418341980236102e-09 -1.9746320055809831e-10 1.2571755842896124e-10 -1.9746320055809808e-10 8.2447808681055137e-09 2.0116147490613233e-10 1.2571755842896124e-10 2.0116147490613233e-10 5.5423072148690788e-10</rotation_covariance>
        <location_covariance>2.5553282882126885e-07 -3.4243109620352838e-08 1.1404465590106768e-06 -3.4243109620352838e-08 1.2790412266781867e-07 -5.1885908265639022e-07 1.1404465590106768e-06 -5.1885908265639022e-07 2.0872487844193051e-05</location_covariance>
        <orientation>1</orientation>
        <reference x="-83.579675679999994" y="31.43776845" z="87.329999999999998" yaw="180.30000000000004" pitch="0.099999999999993788" roll="-0" enabled="true" rotation_enabled="false"/>
      </camera>
      <camera id="18" sensor_id="0" component_id="0" label="1_DJI_0649">
        <transform>9.9447754796307586e-01 9.5564257793330915e-02 -4.3380631965861088e-02 -3.9759809171144256e+00 9.6664331846560023e-02 -9.9502746832791256e-01 2.4007170212310025e-02 -7.6234071792800535e+01 -4.0870692996398110e-02 -2.8067951570331928e-02 -9.9877013198665465e-01 -8.5345875696903328e-01 0 0 0 1</transform>
        <rotation_covariance>2.5373313582844682e-09 -2.1311592576824997e-10 1.2699828675565765e-10 -2.1311592576824989e-10 8.2277462393054814e-09 1.8918504763385200e-10 1.2699828675565767e-10 1.8918504763385192e-10 5.3926830054868970e-10</rotation_covariance>
        <location_covariance>2.4733645708312999e-07 -3.3311255088202836e-08 1.1079413546945517e-06 -3.3311255088202836e-08 1.2551489724494781e-07 -5.1415811630632564e-07 1.1079413546945517e-06 -5.1415811630632564e-07 2.0750472716417855e-05</location_covariance>
        <orientation>1</orientation>
        <reference x="-83.579676050000003" y="31.437741419999998" z="87.329999999999998" yaw="180.19999999999999" pitch="0.099999999999993788" roll="-0" enabled="true" rotation_enabled="false"/>
      </camera>
      <camera id="19" sensor_id="0" component_id="0" label="1_DJI_0650">
        <transform>-9.9648309630689291e-01 -4.9882383496337987e-02 -6.7328943192000279e-02 2.2232000687036546e+01 -5.1873733761773906e-02 9.9825658805592665e-01 2.8158482710381096e-02 -1.9138507977005488e+00 6.5806948875023322e-02 3.1552055712148086e-02 -9.9733340125561698e-01 -1.9885530830675707e-01 0 0 0 1</transform>
        <rotation_covariance>3.0166914394611812e-09 4.9190807304971896e-11 -2.5401422174733262e-11 4.9190807304971915e-11 9.8144238068191170e-10 1.8213761795812067e-11 -2.5401422174733275e-11 1.8213761795812063e-11 1.5370102542524067e-10</rotation_covariance>
        <location_covariance>1.6754758693145301e-07 -9.1806269103362257e-08 1.9542560571696101e-06 -9.1806269103362257e-08 1.6140475541812156e-07 -1.8898272016519536e-06 1.9542560571696101e-06 -1.8898272016519536e-06 3.9561542346370114e-05</location_covariance>
        <orientation>1</orientation>
        <reference x="-83.580536940000002" y="31.435755759999999" z="83.659999999999997" yaw="358.80000000000001" pitch="0.099999999999993788" roll="-0" enabled="true" rotation_enabled="false"/>
      </camera>
      <camera id="20" sensor_id="0" component_id="0" label="1_DJI_0651">
        <transform>-9.9726027464901357e-01 -2.9559448682567518e-02 -6.7809907834744845e-02 2.2251953030987245e+01 -3.1584581562941187e-02 9.9908058812577372e-01 2.8989526345772520e-02 -2.8182167739022552e+00 6.6890648183941567e-02 3.1051850570311720e-02 -9.9727700452867718e-01 -3.0499256260235069e-01 0 0 0 1</transform>
        <rotation_covariance>2.9822139026896011e-09 -7.5911920105154136e-12 -1.4971816659830616e-11 -7.5911920105154152e-12 9.5980741687075868e-10 5.3073797894220323e-12 -1.4971816659830597e-11 5.3073797894220323e-12 1.4091142895765848e-10</rotation_covariance>
        <location_covariance>1.6351074153528560e-07 -9.0572218290720642e-08 1.9022179616878848e-06 -9.0572218290720642e-08 1.5503440771744824e-07 -1.8326230731919387e-06 1.9022179616878848e-06 -1.8326230731919387e-06 3.7661768548039538e-05</location_covariance>
        <orientation>1</orientation>
        <reference x="-83.580537410000005" y="31.435780990000001" z="83.659999999999997" yaw="359.89999999999998" pitch="0.099999999999993788" roll="-0" enabled="true" rotation_enabled="false"/>
      </camera>
      <camera id="21" sensor_id="0" component_id="0" label="1_DJI_0652">
        <transform>9.9479979120384021e-01 9.2115799915230209e-02 -4.3451752861922238e-02 -4.0091367190765901e+00 9.3163047707668298e-02 -9.9539157085236174e-01 2.2721514427651024e-02 -7.3243272411092335e+01 -4.1158498060728875e-02 -2.6651455533319379e-02 -9.9879711551212469e-01 -7.5055881799270652e-01 0 0 0 1</transform>
        <rotation_covariance>2.3795284350342408e-09 -2.2390278677598983e-10 1.4245493807457132e-10 -2.2390278677598973e-10 8.2629352467704083e-09 2.0105288529167854e-10 1.4245493807457124e-10 2.0105288529167859e-10 5.2183487337561120e-10</rotation_covariance>
        <location_covariance>2.3911613358999735e-07 -2.8696312341470147e-08 1.1093252404705317e-06 -2.8696312341470147e-08 1.2369686190949808e-07 -4.9878550747905636e-07 1.1093252404705317e-06 -4.9878550747905636e-07 2.0748094594471791e-05</location_covariance>
        <orientation>1</orientation>
        <reference x="-83.579676250000006" y="31.437661169999998" z="87.230000000000004" yaw="179.80000000000001" pitch="0.099999999999993788" roll="-0" enabled="true" rotation_enabled="false"/>
      </camera>
      <camera id="22" sensor_id="0" component_id="0" label="1_DJI_0653">
        <transform>9.9562758393926476e-01 8.2626514953398900e-02 -4.3572618993097494e-02 -3.9980360229335328e+00 8.3657543090357403e-02 -9.9624295109017147e-01 2.2391915666849282e-02 -7.2228741832131206e+01 -4.1558748577728927e-02 -2.5939187146131637e-02 -9.9879929364555087e-01 -6.8501610387194800e-01 0 0 0 1</transform>
        <rotation_covariance>2.4621276571298934e-09 -1.5363533490014317e-10 1.9417184666237005e-10 -1.5363533490014320e-10 8.2980884116656597e-09 2.1396953456118147e-10 1.9417184666237005e-10 2.1396953456118147e-10 5.2104677252650113e-10</rotation_covariance>
        <location_covariance>2.3924528216986617e-07 -2.8177241312741980e-08 1.1341781119782733e-06 -2.8177241312741980e-08 1.2758069699137259e-07 -5.0932827091373975e-07 1.1341781119782733e-06 -5.0932827091373975e-07 2.1170300350011713e-05</location_covariance>
        <orientation>1</orientation>
        <reference x="-83.579676890000002" y="31.43763414" z="87.230000000000004" yaw="180.30000000000004" pitch="0.099999999999993788" roll="-0" enabled="true" rotation_enabled="false"/>
      </camera>
      <camera id="23" sensor_id="0" component_id="0" label="1_DJI_0654">
        <transform>9.9564634997502277e-01 8.2220168188365458e-02 -4.3911157175491468e-02 -4.0092220697594723e+00 8.3212490914033377e-02 -9.9630487093958897e-01 2.1267004912081056e-02 -7.1242551021467293e+01 -4.2000323061801945e-02 -2.4828372583104774e-02 -9.9880905321166302e-01 -6.2785748655860996e-01 0 0 0 1</transform>
        <rotation_covariance>2.5147369890282125e-09 -1.6288292358119462e-10 1.9678124219102986e-10 -1.6288292358119470e-10 8.2984026983240116e-09 2.2660383699153506e-10 1.9678124219102984e-10 2.2660383699153503e-10 5.1579616020476719e-10</rotation_covariance>
        <location_covariance>2.4059375981179600e-07 -2.6006943446121259e-08 1.1663828132514661e-06 -2.6006943446121259e-08 1.2794086185188898e-07 -4.8052868323679618e-07 1.1663828132514661e-06 -4.8052868323679618e-07 2.1488239509400555e-05</location_covariance>
        <orientation>1</orientation>
        <reference x="-83.579677140000001" y="31.437607700000001" z="87.329999999999998" yaw="179.90000000000001" pitch="0.099999999999993788" roll="-0" enabled="true" rotation_enabled="false"/>
      </camera>
      <camera id="24" sensor_id="0" component_id="0" label="1_DJI_0655">
        <transform>-9.9722384455498814e-01 -2.6883055668057432e-02 -6.9439939292288269e-02 2.2290108272093299e+01 -2.9152163642125539e-02 9.9906669240428947e-01 3.1873115369152327e-02 -6.7893579533537123e+00 6.8518283734717772e-02 3.3808955119919049e-02 -9.9707682720427715e-01 -4.9269798020195049e-01 0 0 0 1</transform>
        <rotation_covariance>3.0440088552130007e-09 -2.0062168988083365e-10 -1.5996368785436859e-11 -2.0062168988083363e-10 1.1040937274686413e-09 2.0430372730313590e-11 -1.5996368785436846e-11 2.0430372730313597e-11 1.4497992825429932e-10</rotation_covariance>
