<?xml version="1.0" encoding="UTF-8"?>
<document version="1.5.0">
  <chunk label="Chunk 1" enabled="true">
    <sensors next_id="1">
      <sensor id="0" label="FC6310S (8.8mm)" type="frame">
        <resolution width="5472" height="3648"/>
        <property name="pixel_width" value="0.0024122807017543861"/>
        <property name="pixel_height" value="0.0024122807017543861"/>
        <property name="focal_length" value="8.8000000000000007"/>
        <property name="layer_index" value="0"/>
        <bands>
          <band label="Red"/>
          <band label="Green"/>
          <band label="Blue"/>
        </bands>
        <data_type>uint8</data_type>
        <calibration type="frame" class="adjusted">
          <resolution width="5472" height="3648"/>
          <f>2516.4723773445362</f>
          <cx>-9.0975014580107505</cx>
          <cy>-7.175700424851529</cy>
          <k1>-0.0048611106655387527</k1>
          <k2>0.00060686526372945629</k2>
          <k3>0.00057552089963185224</k3>
          <p1>0.00062048530228488792</p1>
          <p2>-0.00059734194272226748</p2>
        </calibration>
        <covariance>
          <params>f cx cy k1 k2 k3 p1 p2</params>
          <coeffs>4.4139993198617873e+01 6.1124917347372387e-01 4.1523745227332609e-01 -1.8138985734866811e-04 4.2739105560007281e-05 6.0747143601211407e-05 1.0767216233816579e-05 -1.1095317062104432e-05 6.1124917347372387e-01 2.5238780883440254e-02 5.2593332635545711e-03 -2.5186113356866469e-06 6.0313010066621949e-07 8.3932693288751014e-07 1.4332433613372357e-07 -1.5975500621183313e-07 4.1523745227332609e-01 5.2593332635545711e-03 1.5267079573132123e-02 -1.7067123648579616e-06 3.9787840907729648e-07 5.7479589740276748e-07 1.0319534116560551e-07 -1.1735456490829326e-07 -1.8138985734866811e-04 -2.5186113356866469e-06 -1.7067123648579616e-06 7.7124765721732060e-10 -2.0743381095101383e-10 -2.3789350261518866e-10 -4.4422900805733823e-11 4.5555429141087428e-11 4.2739105560007281e-05 6.0313010066621949e-07 3.9787840907729648e-07 -2.0743381095101383e-10 8.5456144739782123e-11 4.1655272486835669e-11 1.0461100326371935e-11 -1.0715676535274768e-11 6.0747143601211407e-05 8.3932693288751014e-07 5.7479589740276748e-07 -2.3789350261518866e-10 4.1655272486835669e-11 9.0544755292786617e-11 1.4811316684138388e-11 -1.5275038264261703e-11 1.0767216233816579e-05 1.4332433613372357e-07 1.0319534116560551e-07 -4.4422900805733823e-11 1.0461100326371935e-11 1.4811316684138388e-11 3.0093401301504702e-12 -2.7340153754041479e-12 -1.1095317062104432e-05 -1.5975500621183313e-07 -1.1735456490829326e-07 4.5555429141087428e-11 -1.0715676535274768e-11 -1.5275038264261703e-11 -2.7340153754041479e-12 3.7893755830517054e-12</coeffs>
        </covariance>
        <meta>
          <property name="Exif/BodySerialNumber" value="91729d101b4029bd904de8ef6494c684"/>
          <property name="Exif/Make" value="DJI"/>
          <property name="Exif/Model" value="FC6310S"/>
          <property name="Exif/Software" value="v01.08.1719"/>
        </meta>
      </sensor>
    </sensors>
    <components next_id="6" active_id="5">
      <component id="5" label="Component 1">
        <transform>
          <rotation locked="true">-9.8656838875873976e-01 -2.4078390600300917e-03 1.6333100322059141e-01 -1.3458689502597118e-01 -5.5465737991300312e-01 -8.2112213378724030e-01 9.2569876251683753e-02 -8.3207535308955272e-01 5.4688337403110387e-01</rotation>
          <translation locked="true">6.0903198852102738e+05 -5.4128612410631031e+06 3.3072749915422807e+06</translation>
          <scale locked="true">2.9672795521643924e+00</scale>
        </transform>
        <region>
          <center>-5.2346210977073326e+00 -3.6444639249745151e+01 -1.6036223822788349e+00</center>
          <size>1.3408330440521240e+02 7.0632951927185061e+01 2.0771264266967773e+01</size>
          <R>-8.4862308220504223e-02 9.9593431551102762e-01 -3.0219659678246937e-02 -9.9405104044813519e-01 -8.2545834186873640e-02 7.1054304882765804e-02 6.8270913480544912e-02 3.6069716466504878e-02 9.9701457257482362e-01</R>
        </region>
        <partition>
          <partition>
            <partition>
              <partition>
                <camera_ids>181 182 183 290 291 294 295 317 318 319 320 957 961 962 1112 1113 1114 1115 1116 1117 1118 1119 1120 1121 1122 1123 1124 1125 1126 1127 1128 1129 1130 1131 1132 1133 1134 1135 1136 1137 1138 1139 1140 1141 1142 1143 1144 1145 1146 1147 1148 1149 1150 1151 1152 1153 1154 1155 1156 1157 1158 1159 1160 1161 1162 1163 1164 1165 1166 1167 1168</camera_ids>
              </partition>
              <partition>
                <camera_ids>0 2 3 6 7 8 11 13 14 17 20 22 23 27 28 29 30 33 152 154 159 160 162 163 165 174 176 179 187 190 192 193 194 195 197 778 781 782 786 787 789 792 793 795 796 798 801 802 803 808 809 811 812 813 814 815 816 817 818 819 820 928 930 932 933 934 935 938 941 943 944 945 946 947 948 949 950 952 954 955 963 965 966 968 973 975 976 977 978 1111</camera_ids>
              </partition>
            </partition>
            <partition>
              <partition>
                <camera_ids>297 298 299 300 301 302 303 304 305 306 307 308 309 310 311 312 313 314 315 316 321 322 323 324 325 326 327 328 329 330 331 332 333 334 335 336 337 338 339 340 341 342 343 344 345 491 492 493 494 495 496 497 498 499 500 501 502 503 504 505 506 507 508 509 510 511 512 513 514 515 516 517 518 669 670 671 672 673 674 675 676 677 678 679 680 681 682 683 684 685 686 687 688 689 690 691 692 693 694 695 696 697 698 699 700 701 702 703 704 705 706 707 708 709 710 711 712 713 714</camera_ids>
              </partition>
              <partition>
                <camera_ids>56 57 58 60 61 63 64 66 68 69 72 75 78 84 86 88 90 91 94 95 97 101 103 104 105 107 108 109 114 115 118 119 121 122 126 127 129 130 131 132 135 138 140 141 144 146 148 149 151 153 156 199 200 201 202 203 204 206 207 210 213 215 216 217 219 224 228 232 233 234 235 237 240 242 248 249 251 252 253 254 258 259 260 266 267 268 836 839 842 844 847 848 850 851 853 854 856 857 858 859 860 862 864 866 869 870 873 875 876 877 879 883 887 888 889 890 893 894 897 900 901 902 905 910 911 913 914 916 919 920 922 924 927 929 931 982 985 986 988 989 991 995 997 998 999 1000 1002 1003 1004 1006 1007 1008 1013 1015 1016 1018 1020 1021 1022 1023 1024 1027 1032 1033 1034 1038 1039 1040 1041 1042 1046</camera_ids>
              </partition>
              <partition>
                <camera_ids>346 347 348 349 350 351 352 353 465 466 467 468 469 470 471 472 473 474 475 476 477 478 479 480 481 482 483 484 485 486 487 488 489 490 519 520 521 522 523 524 525 526 527 528 529 530 531 532 533 534 535 536 537 538 539 540 541 542 543 544 648 649 650 651 652 653 654 655 656 657 658 659 660 661 662 663 664 665 666 667 668 715 716 717 718 719 720 721 722 723 724 725 726 727 728 729</camera_ids>
              </partition>
            </partition>
            <partition>
              <partition>
                <camera_ids>44 45 47 48 50 52 53 55 59 62 65 67 70 71 73 74 76 77 79 80 81 82 106 110 111 112 113 116 117 120 123 124 125 128 133 134 136 137 139 142 143 145 147 150 823 826 828 831 833 834 835 837 838 840 841 843 845 846 849 852 855 884 885 886 891 892 895 896 898 899 903 904 906 907 908 909 912 915 917 918 921 923 925 926</camera_ids>
              </partition>
              <partition>
                <camera_ids>205 208 209 211 212 214 218 220 221 222 223 225 226 227 229 230 231 236 270 271 272 273 274 275 276 277 278 279 280 281 282 283 284 285 286 979 980 981 983 984 987 990 992 993 994 996 1001 1005 1009 1010 1011 1012 1014 1070 1071 1072 1073 1074 1075 1076 1077 1078 1079 1080 1081 1082 1083 1084 1085 1086 1087 1088 1089 1090 1091 1092 1093 1094 1095 1096 1097 1098 1099 1100 1101 1102 1103 1104 1105 1106 1107 1108 1109 1110 1169 1170 1171 1172 1173 1174 1175 1176 1177 1178 1179 1180 1181 1182 1183 1184 1185 1186 1187 1188 1189 1190 1191 1192 1193 1194 1195 1262 1263 1264 1265 1266 1267 1268</camera_ids>
              </partition>
              <partition>
                <camera_ids>83 85 87 89 92 93 96 98 99 100 102 241 243 244 245 246 247 250 255 256 257 261 262 263 264 265 269 861 863 865 867 868 871 872 874 878 880 881 882 1019 1025 1026 1028 1029 1030 1031 1035 1036 1037 1043 1044 1045 1047 1048 1049 1050 1051 1052 1053 1054 1055 1056 1057 1058 1059 1060 1061 1062 1063 1064 1065 1066 1067 1068 1069 1209 1210 1211 1212 1213 1214 1215 1216 1217 1218 1219 1220 1221 1222 1223 1224 1225 1226 1227</camera_ids>
              </partition>
            </partition>
          </partition>
          <partition>
            <partition>
              <partition>
                <camera_ids>39 40 41 42 43 46 49 51 54 354 355 356 357 358 359 360 361 362 363 364 365 366 367 368 369 370 371 372 373 374 375 376 377 378 449 450 451 452 453 454 455 456 457 458 459 460 461 462 463 464 545 546 547 548 549 550 551 552 553 554 555 556 557 558 559 560 561 562 563 564 565 566 567 568 569 570 571 572 573 574 615 616 617 618 619 620 621 622 623 624 625 626 627 628 629 630 631 632 633 634 635 636 637 638 639 640 641 642 643 644 645 646 647 730 731 732 733 734 735 736 737 738 739 740 741 742 743 744 745 758 759 821 822 824 825 827 829 830 832</camera_ids>
              </partition>
              <partition>
                <camera_ids>12 15 16 18 19 21 24 25 26 31 32 34 35 36 37 38 161 164 166 167 168 169 170 171 172 173 175 177 178 180 184 185 186 188 189 191 196 198 747 748 749 750 751 752 753 754 788 790 791 794 797 799 800 804 805 806 807 810 937 939 940 942 951 953 956 958 959 960 964 967 969 970 971 972 974</camera_ids>
              </partition>
            </partition>
            <partition>
              <partition>
                <camera_ids>1 5 9 10 413 414 415 416 417 418 419 420 421 422 423 424 425 426 427 428 429 430 431 432 433 434 575 576 577 578 579 580 581 582 583 584 585 586 587 588 589 590 591 592 593 594 595 596 597 598 599 600 601 602 603 604 605 606 607 608 609 610 611 612 613 614 762 763 764 765 766 767 768 769 770 771 772 773 774 775 776 777 779 783 784 785</camera_ids>
              </partition>
              <partition>
                <camera_ids>379 380 381 382 383 384 385 386 387 388 389 390 391 392 393 394 395 396 397 398 399 400 401 402 403 404 405 406 407 408 409 410 411 412 435 436 437 438 439 440 441 442 443 444 445 446 447 448 1196 1197 1198 1229 1230 1231 1232 1233 1234 1235 1236 1237 1238 1239 1240 1241 1242 1243 1244 1245 1246 1247 1248 1249 1250 1251 1252 1253 1254 1255 1256 1257 1258 1259 1260 1261</camera_ids>
              </partition>
            </partition>
          </partition>
        </partition>
      </component>
    </components>
    <cameras next_id="1269" next_group_id="0">
      <camera id="0" sensor_id="0" component_id="5" label="1_DJI_0508">
        <transform>9.9316110727935314e-01 9.8975038858109307e-02 -6.1927026980835256e-02 1.0978457326096301e+01 9.5898650544145911e-02 -9.9409260111523923e-01 -5.0826658671894120e-02 -8.4440209932357657e+00 -6.6591769847790722e-02 4.4540342286215395e-02 -9.9678568112587029e-01 -8.7675660466582406e-01 0 0 0 1</transform>
        <rotation_covariance>1.1376116178244438e-09 7.4136910962392395e-10 9.9441036448878308e-11 7.4136910962392364e-10 3.7245273661412511e-09 1.2608328365701429e-10 9.9441036448878334e-11 1.2608328365701432e-10 4.4592070132954266e-10</rotation_covariance>
        <location_covariance>3.2489184425201492e-07 1.3041172297994154e-07 3.8571796964267184e-06 1.3041172297994154e-07 1.5661536906939632e-07 2.1992668845512291e-06 3.8571796964267184e-06 2.1992668845512291e-06 6.4661459943863916e-05</location_covariance>
        <orientation>1</orientation>
        <reference x="-83.580616800000001" y="31.43617339" z="47.43" yaw="180.70000000000002" pitch="0.099999999999993788" roll="-0" enabled="true" rotation_enabled="false"/>
      </camera>
      <camera id="1" sensor_id="0" component_id="5" label="1_DJI_0509">
        <transform>-9.7897016189352337e-01 -1.8743824755769600e-01 -8.0525309528545128e-02 -1.2406811744833940e+01 -1.8571626139961581e-01 9.8219192582956383e-01 -2.8433977684477751e-02 -8.0931001793533056e+01 8.4420923792136643e-02 -1.2881156303361507e-02 -9.9634691921959118e-01 3.0031876524112131e+00 0 0 0 1</transform>
        <rotation_covariance>4.1894392365391594e-08 -3.1295536516197039e-10 1.2510043886314684e-08 -3.1295536516197298e-10 1.3742550632986550e-08 -7.0370219616749886e-10 1.2510043886314684e-08 -7.0370219616749917e-10 1.3686831231352780e-08</rotation_covariance>
        <location_covariance>4.7505779737683328e-07 6.1038851703337458e-08 2.2378693802799309e-06 6.1038851703337458e-08 4.6406593178503486e-07 1.4025749763773809e-06 2.2378693802799309e-06 1.4025749763773809e-06 3.0746175901683546e-05</location_covariance>
        <orientation>1</orientation>
        <reference x="-83.579763360000001" y="31.438045030000001" z="50.270000000000003" yaw="0" pitch="0.099999999999993788" roll="-0" enabled="true" rotation_enabled="false"/>
      </camera>
      <camera id="2" sensor_id="0" component_id="5" label="1_DJI_0510">
        <transform>9.9365376567989983e-01 9.5259385436225419e-02 -5.9815076999593958e-02 1.0738762973756661e+01 9.2218497194848162e-02 -9.9439586254327095e-01 -5.1697362910962073e-02 -6.5828777631399324e+00 -6.4404524105675168e-02 4.5853222821701171e-02 -9.9686987076126687e-01 -1.2961376220707650e+00 0 0 0 1</transform>
        <rotation_covariance>9.3807768783201274e-10 8.4188431605715200e-10 4.0342590799408051e-11 8.4188431605715190e-10 4.1030053793969704e-09 9.6490659921751222e-11 4.0342590799408058e-11 9.6490659921751209e-11 3.6043562930285044e-10</rotation_covariance>
        <location_covariance>2.4186693890749542e-07 9.8853937926866718e-08 2.8699001019868434e-06 9.8853937926866718e-08 1.3298184947875705e-07 1.7906318073259321e-06 2.8699001019868434e-06 1.7906318073259321e-06 5.1600390052759278e-05</location_covariance>
        <orientation>1</orientation>
        <reference x="-83.580614710000006" y="31.43612203" z="47.030000000000001" yaw="179.90000000000001" pitch="0.099999999999993788" roll="-0" enabled="true" rotation_enabled="false"/>
      </camera>
      <camera id="3" sensor_id="0" component_id="5" label="1_DJI_0511">
        <transform>9.9638133286909625e-01 5.9156216428390321e-02 -6.1030988586792422e-02 1.0476315030934275e+01 5.6056891885079466e-02 -9.9710858481541464e-01 -5.1303946822681079e-02 -5.5292613848115906e+00 -6.3889470041535515e-02 4.7697087387778447e-02 -9.9681649438225794e-01 -1.2801637916059241e+00 0 0 0 1</transform>
        <rotation_covariance>1.0901202616441663e-09 1.0248955877072936e-09 4.7137337416277906e-11 1.0248955877072936e-09 3.6627765221076871e-09 7.4992577113946429e-11 4.7137337416277899e-11 7.4992577113946429e-11 3.4966552220721064e-10</rotation_covariance>
        <location_covariance>2.6312812159119174e-07 1.0244183226514251e-07 3.1254087186432328e-06 1.0244183226514251e-07 1.2860610768065881e-07 1.7728247820152566e-06 3.1254087186432328e-06 1.7728247820152566e-06 5.3816493048674304e-05</location_covariance>
        <orientation>1</orientation>
        <reference x="-83.580615010000002" y="31.436093939999999" z="47.130000000000003" yaw="179.90000000000001" pitch="0.099999999999993788" roll="-0" enabled="true" rotation_enabled="false"/>
      </camera>
      <camera id="5" sensor_id="0" component_id="5" label="1_DJI_0513">
        <transform>9.8163610362097842e-01 1.8033358227839957e-01 -6.2212210782636113e-02 -1.4938448558869130e+01 1.7849788444648171e-01 -9.8335453885080204e-01 -3.3946371966037003e-02 -8.1897367326980657e+01 -6.7298330707038528e-02 2.2218236297369631e-02 -9.9748548092685552e-01 3.1601541464787908e+00 0 0 0 1</transform>
        <rotation_covariance>3.0615870656795571e-07 5.6257873789610899e-09 -9.1281529118865029e-08 5.6257873789610890e-09 3.4226291692724934e-08 1.1164765747550821e-08 -9.1281529118865042e-08 1.1164765747550829e-08 9.6478332560676504e-08</rotation_covariance>
        <location_covariance>1.0226054772216406e-06 -3.8717863986505526e-07 1.9281359735260453e-06 -3.8717863986505526e-07 2.7801485738817831e-06 2.0268006396660636e-06 1.9281359735260453e-06 2.0268006396660636e-06 2.9926862253459975e-05</location_covariance>
        <orientation>1</orientation>
        <reference x="-83.579681469999997" y="31.43806627" z="50.369999999999997" yaw="179.80000000000001" pitch="0.099999999999993788" roll="-0" enabled="true" rotation_enabled="false"/>
      </camera>
      <camera id="6" sensor_id="0" component_id="5" label="1_DJI_0514">
        <transform>9.9578787445001682e-01 6.8420058156567098e-02 -6.1034455352449328e-02 1.0264423283212777e+01 6.5317943861068289e-02 -9.9653715935158549e-01 -5.1451494062214109e-02 -2.6511992604491272e+00 -6.4343416975480017e-02 4.7248128781187476e-02 -9.9680867723881483e-01 -1.4836249690038248e+00 0 0 0 1</transform>
        <rotation_covariance>1.2117010401011873e-09 1.2395228719765237e-09 5.6584224358446449e-11 1.2395228719765239e-09 3.5503727493848362e-09 7.6567947610764248e-11 5.6584224358446449e-11 7.6567947610764235e-11 3.4301481361862821e-10</rotation_covariance>
        <location_covariance>2.5979813397710728e-07 9.7972227371454257e-08 3.0610203779034472e-06 9.7972227371454257e-08 1.2386773577148579e-07 1.6649771669289225e-06 3.0610203779034472e-06 1.6649771669289225e-06 5.2126696734498873e-05</location_covariance>
        <orientation>1</orientation>
        <reference x="-83.580614850000003" y="31.436017589999999" z="47.130000000000003" yaw="179.80000000000001" pitch="0.099999999999993788" roll="-0" enabled="true" rotation_enabled="false"/>
      </camera>
      <camera id="7" sensor_id="0" component_id="5" label="1_DJI_0515">
        <transform>9.9542468440643828e-01 7.3278183948893655e-02 -6.1318883155966633e-02 1.0209382710528494e+01 7.0163174880256557e-02 -9.9620521386525795e-01 -5.1500492797623976e-02 -1.6966697779218727e+00 -6.4860053693051464e-02 4.6962534267516731e-02 -9.9678869065118647e-01 -1.5423350296840930e+00 0 0 0 1</transform>
        <rotation_covariance>1.2716960739630791e-09 1.2723423707831206e-09 7.2079512431284670e-11 1.2723423707831206e-09 3.4627866179046316e-09 9.1104927555493833e-11 7.2079512431284683e-11 9.1104927555493846e-11 3.5655347583374770e-10</rotation_covariance>
        <location_covariance>2.6432921188152649e-07 9.7968135912618253e-08 3.0913821597613559e-06 9.7968135912618253e-08 1.2379643723395543e-07 1.6467409153344653e-06 3.0913821597613559e-06 1.6467409153344653e-06 5.1982862771708404e-05</location_covariance>
        <orientation>1</orientation>
        <reference x="-83.580615440000003" y="31.43599158" z="47.130000000000003" yaw="179.69999999999996" pitch="0.099999999999993788" roll="-0" enabled="true" rotation_enabled="false"/>
      </camera>
      <camera id="8" sensor_id="0" component_id="5" label="1_DJI_0516">
        <transform>9.9506053913752734e-01 7.7903403188079368e-02 -6.1527093406478328e-02 1.0141038119880220e+01 7.4753061034384422e-02 -9.9584813432643704e-01 -5.1946830745908334e-02 -7.4390910654008835e-01 -6.5318476079311280e-02 4.7090902839826643e-02 -9.9675269929526977e-01 -1.5907746625960331e+00 0 0 0 1</transform>
        <rotation_covariance>1.2676928965527412e-09 1.2602033641700312e-09 7.5722302893479768e-11 1.2602033641700314e-09 3.3892253576064742e-09 1.0050432735396315e-10 7.5722302893479781e-11 1.0050432735396316e-10 3.5744677939882893e-10</rotation_covariance>
        <location_covariance>2.6937175910008474e-07 1.0126858301507085e-07 3.1353545713014211e-06 1.0126858301507085e-07 1.2638673005276762e-07 1.6819171603859052e-06 3.1353545713014211e-06 1.6819171603859052e-06 5.2199903757910149e-05</location_covariance>
        <orientation>1</orientation>
        <reference x="-83.580615390000006" y="31.435965759999998" z="47.030000000000001" yaw="179.69999999999996" pitch="0.099999999999993788" roll="-0" enabled="true" rotation_enabled="false"/>
      </camera>
      <camera id="9" sensor_id="0" component_id="5" label="1_DJI_0517">
        <transform>9.8597462298112881e-01 1.5502650873988327e-01 -6.1812817644427580e-02 -1.5103810505360247e+01 1.5306659094883410e-01 -9.8758513759958344e-01 -3.5301766637295728e-02 -7.7805964352492666e+01 -6.6518129652920047e-02 2.5345168777000937e-02 -9.9746326290602938e-01 3.0328530208724431e+00 0 0 0 1</transform>
        <rotation_covariance>8.2792579323593671e-09 -5.6308711865020653e-10 3.3555990886339877e-10 -5.6308711865020674e-10 8.9560214510680245e-09 1.2269001308514430e-09 3.3555990886339877e-10 1.2269001308514428e-09 1.8419268360333115e-09</rotation_covariance>
        <location_covariance>3.3535545958661240e-07 8.9128218247196837e-08 1.9704576229738870e-06 8.9128218247196837e-08 1.6500333331002092e-07 1.1400011824446088e-06 1.9704576229738870e-06 1.1400011824446088e-06 2.8024077579595090e-05</location_covariance>
        <orientation>1</orientation>
        <reference x="-83.579684330000006" y="31.437957870000002" z="50.369999999999997" yaw="180.50000000000003" pitch="0.099999999999993788" roll="-0" enabled="true" rotation_enabled="false"/>
      </camera>
      <camera id="10" sensor_id="0" component_id="5" label="1_DJI_0518">
        <transform>9.8596949144158152e-01 1.5511792994472642e-01 -6.1665142147670077e-02 -1.5168785389090601e+01 1.5315507029644340e-01 -9.8756773515266505e-01 -3.5404702059570303e-02 -7.6822276678809871e+01 -6.6390408862432027e-02 2.5463626903848680e-02 -9.9746875505751076e-01 3.0263320353974708e+00 0 0 0 1</transform>
        <rotation_covariance>7.5126256644887746e-09 -8.8976765937554547e-10 4.2248549909642933e-10 -8.8976765937554558e-10 8.7154621010112703e-09 5.7260223282687245e-10 4.2248549909642933e-10 5.7260223282687245e-10 1.5273166239166021e-09</rotation_covariance>
        <location_covariance>3.2371893060737596e-07 8.1734033776119332e-08 1.9924000490834953e-06 8.1734033776119332e-08 1.5617903390876698e-07 1.1356578147152417e-06 1.9924000490834953e-06 1.1356578147152417e-06 2.8369850717810384e-05</location_covariance>
        <orientation>1</orientation>
        <reference x="-83.579684169999993" y="31.437931930000001" z="50.170000000000002" yaw="180.30000000000004" pitch="0.099999999999993788" roll="-0" enabled="true" rotation_enabled="false"/>
      </camera>
      <camera id="11" sensor_id="0" component_id="5" label="1_DJI_0519">
        <transform>9.9491700085217261e-01 7.9199320497886694e-02 -6.2190264897251393e-02 9.9281257721867355e+00 7.6008743538866969e-02 -9.9574521265593363e-01 -5.2097431591505983e-02 2.1297109027708956e+00 -6.6051739726974867e-02 4.7105616495932867e-02 -9.9670368142872734e-01 -1.7020369078935216e+00 0 0 0 1</transform>
        <rotation_covariance>1.4335731503548752e-09 1.3819057021762606e-09 7.4901130845911459e-11 1.3819057021762606e-09 3.1796826851301327e-09 1.1417426914664238e-10 7.4901130845911433e-11 1.1417426914664239e-10 3.0428387086361707e-10</rotation_covariance>
        <location_covariance>2.9241570535933012e-07 1.0593156762436084e-07 3.3565334382145301e-06 1.0593156762436084e-07 1.2699305006292830e-07 1.6924059610646778e-06 3.3565334382145301e-06 1.6924059610646778e-06 5.4301517852634676e-05</location_covariance>
        <orientation>1</orientation>
        <reference x="-83.580614699999998" y="31.435888370000001" z="47.130000000000003" yaw="180.30000000000004" pitch="0.099999999999993788" roll="-0" enabled="true" rotation_enabled="false"/>
      </camera>
      <camera id="12" sensor_id="0" component_id="5" label="1_DJI_0520">
        <transform>9.8667386977264804e-01 1.5077600208612119e-01 -6.1165937439016216e-02 -1.5328078868396485e+01 1.4876771645584366e-01 -9.8820999605695148e-01 -3.6182457539998270e-02 -7.4788630938259189e+01 -6.5900237088961713e-02 2.6600768561191090e-02 -9.9747158248421919e-01 2.9328383744371784e+00 0 0 0 1</transform>
        <rotation_covariance>6.5438600110900392e-09 -1.4520411919631194e-09 1.2484086269441718e-09 -1.4520411919631196e-09 8.6214895985938894e-09 4.1768580408405785e-10 1.2484086269441718e-09 4.1768580408405785e-10 2.7558855978089275e-09</rotation_covariance>
        <location_covariance>2.9491402976089657e-07 8.3226203495500697e-08 1.8834790025231920e-06 8.3226203495500697e-08 1.6462708640060786e-07 1.0861396267658057e-06 1.8834790025231920e-06 1.0861396267658057e-06 2.6888750037134283e-05</location_covariance>
        <orientation>1</orientation>
        <reference x="-83.579683979999999" y="31.437877539999999" z="50.270000000000003" yaw="179.80000000000001" pitch="0.099999999999993788" roll="-0" enabled="true" rotation_enabled="false"/>
      </camera>
      <camera id="13" sensor_id="0" component_id="5" label="1_DJI_0521">
        <transform>9.9469758819065612e-01 8.1911628997816358e-02 -6.2186759705057063e-02 9.7794638856643559e+00 7.8716946851012617e-02 -9.9552962138828516e-01 -5.2195931038281740e-02 4.0367780893900607e+00 -6.6184215082943046e-02 4.7024014858605190e-02 -9.9669874671358571e-01 -1.7477283825214451e+00 0 0 0 1</transform>
        <rotation_covariance>1.5792839077589781e-09 1.4782681816890160e-09 7.3688028248983166e-11 1.4782681816890160e-09 3.1743715886479625e-09 1.2322245779038556e-10 7.3688028248983166e-11 1.2322245779038558e-10 2.8566704585386383e-10</rotation_covariance>
        <location_covariance>3.0917866806008101e-07 1.1020436869516953e-07 3.5360804461005842e-06 1.1020436869516953e-07 1.3119251489249650e-07 1.7403514759240333e-06 3.5360804461005842e-06 1.7403514759240333e-06 5.6902460747460643e-05</location_covariance>
        <orientation>1</orientation>
        <reference x="-83.58061395" y="31.435836940000002" z="47.130000000000003" yaw="180.30000000000004" pitch="0.099999999999993788" roll="-0" enabled="true" rotation_enabled="false"/>
      </camera>
      <camera id="14" sensor_id="0" component_id="5" label="1_DJI_0522">
        <transform>9.9498299726535810e-01 7.8300278278441882e-02 -6.2272799634853493e-02 9.7150583372262407e+00 7.5100332222792471e-02 -9.9581041707300444e-01 -5.2168509168986632e-02 4.9948442873514303e+00 -6.6096711361990204e-02 4.7230071674802976e-02 -9.9669481039921271e-01 -1.7834226057538549e+00 0 0 0 1</transform>
        <rotation_covariance>1.6844729178591419e-09 1.5406782588324947e-09 7.2231955625870290e-11 1.5406782588324950e-09 3.1463598525736879e-09 1.2997637410343189e-10 7.2231955625870316e-11 1.2997637410343192e-10 2.8392583374843120e-10</rotation_covariance>
        <location_covariance>3.1747347027128643e-07 1.1103457223622849e-07 3.6089640854681811e-06 1.1103457223622849e-07 1.3268922898371626e-07 1.7399052924040364e-06 3.6089640854681811e-06 1.7399052924040364e-06 5.7781817176505155e-05</location_covariance>
        <orientation>1</orientation>
        <reference x="-83.580614060000002" y="31.43581146" z="47.030000000000001" yaw="180.50000000000003" pitch="0.099999999999993788" roll="-0" enabled="true" rotation_enabled="false"/>
      </camera>
      <camera id="15" sensor_id="0" component_id="5" label="1_DJI_0523">
        <transform>9.9005481318502064e-01 1.2709610421846534e-01 -6.0316226520423948e-02 -1.5502858684467173e+01 1.2502072388689470e-01 -9.9146274989254346e-01 -3.7032879638401607e-02 -7.1731505861442855e+01 -6.4508026539113292e-02 2.9123802430391955e-02 -9.9749211457736564e-01 2.8170286784827092e+00 0 0 0 1</transform>
        <rotation_covariance>3.8321944218842600e-09 -1.0011168195243449e-09 3.5436478867702453e-10 -1.0011168195243449e-09 5.7034272829261058e-09 2.5309627583657385e-10 3.5436478867702453e-10 2.5309627583657385e-10 8.3647298548580841e-10</rotation_covariance>
        <location_covariance>2.3953431578166642e-07 7.4929935251677178e-08 1.7854887438799442e-06 7.4929935251677178e-08 1.2308698843742651e-07 1.0158300194487020e-06 1.7854887438799442e-06 1.0158300194487020e-06 2.5636674047162646e-05</location_covariance>
        <orientation>1</orientation>
        <reference x="-83.579684959999994" y="31.437796550000002" z="50.170000000000002" yaw="180.09999999999999" pitch="0.099999999999993788" roll="-0" enabled="true" rotation_enabled="false"/>
      </camera>
      <camera id="16" sensor_id="0" component_id="5" label="1_DJI_0524">
        <transform>9.9153816228046421e-01 1.1500065878812361e-01 -6.0223925642363764e-02 -1.5577460307200143e+01 1.1289898583867580e-01 -9.9290909692860629e-01 -3.7220212694421523e-02 -7.0736404688449525e+01 -6.4077232603147502e-02 3.0106041166468249e-02 -9.9749071902810449e-01 2.8123003782795495e+00 0 0 0 1</transform>
        <rotation_covariance>3.5726754654906460e-09 -9.3504973390175039e-10 4.4060752927908309e-10 -9.3504973390175060e-10 5.5713207697376779e-09 2.3212701122249291e-10 4.4060752927908309e-10 2.3212701122249286e-10 8.5365372429814252e-10</rotation_covariance>
        <location_covariance>2.3857440359440562e-07 7.3478074155583629e-08 1.8186360098975931e-06 7.3478074155583629e-08 1.2521473320453531e-07 1.0208544875841345e-06 1.8186360098975931e-06 1.0208544875841345e-06 2.6116675067989910e-05</location_covariance>
        <orientation>1</orientation>
        <reference x="-83.579684839999999" y="31.437769620000001" z="50.270000000000003" yaw="180.30000000000004" pitch="0.099999999999993788" roll="-0" enabled="true" rotation_enabled="false"/>
      </camera>
      <camera id="17" sensor_id="0" component_id="5" label="1_DJI_0525">
        <transform>9.9387000279291104e-01 9.1651597908705140e-02 -6.1825578438057652e-02 9.5373068897443449e+00 8.8429267131624259e-02 -9.9467201472838884e-01 -5.2989129363790632e-02 7.8965225847060321e+00 -6.6352711044713311e-02 4.7197115557518099e-02 -9.9667936169064275e-01 -1.8670715656434136e+00 0 0 0 1</transform>
        <rotation_covariance>1.8707760341870695e-09 1.6328248285321088e-09 9.8262762582484596e-11 1.6328248285321086e-09 3.3222374123353204e-09 1.3958773046771429e-10 9.8262762582484609e-11 1.3958773046771426e-10 3.3925395273572959e-10</rotation_covariance>
        <location_covariance>3.4124550302256587e-07 1.2248512048868831e-07 3.8333098294260950e-06 1.2248512048868831e-07 1.5195495621942850e-07 1.9133761990693075e-06 3.8333098294260950e-06 1.9133761990693075e-06 6.1646347078788154e-05</location_covariance>
        <orientation>1</orientation>
        <reference x="-83.580615100000003" y="31.435733849999998" z="47.030000000000001" yaw="179.69999999999996" pitch="0.099999999999993788" roll="-0" enabled="true" rotation_enabled="false"/>
      </camera>
      <camera id="18" sensor_id="0" component_id="5" label="1_DJI_0526">
        <transform>9.9369841357770250e-01 9.4624153431951630e-02 -6.0081048929287284e-02 -1.5727569477151942e+01 9.2443424759383622e-02 -9.9498874815616334e-01 -3.8099924690049303e-02 -6.8695328693846150e+01 -6.3385140781677757e-02 3.2305736795772588e-02 -9.9746612137865065e-01 2.7528893769442035e+00 0 0 0 1</transform>
        <rotation_covariance>2.7661830061613724e-09 -7.6468055601088852e-10 1.0336414176449288e-10 -7.6468055601088852e-10 5.2622784837220323e-09 1.9014587712157818e-10 1.0336414176449291e-10 1.9014587712157818e-10 5.5031089533015786e-10</rotation_covariance>
        <location_covariance>2.3168060690639958e-07 7.1237102173593901e-08 1.8014133449325565e-06 7.1237102173593901e-08 1.1684700342710331e-07 1.0103632240556915e-06 1.8014133449325565e-06 1.0103632240556915e-06 2.5833233076555199e-05</location_covariance>
        <orientation>1</orientation>
        <reference x="-83.579685150000003" y="31.437715220000001" z="50.170000000000002" yaw="180.50000000000003" pitch="0.099999999999993788" roll="-0" enabled="true" rotation_enabled="false"/>
      </camera>
      <camera id="19" sensor_id="0" component_id="5" label="1_DJI_0527">
        <transform>9.9402894405782960e-01 9.1014925920125181e-02 -6.0189215271762062e-02 -1.5789808358344485e+01 8.8776563944012038e-02 -9.9529255236808301e-01 -3.8877459985468543e-02 -6.7781437575099389e+01 -6.3444306833404102e-02 3.3301928778692425e-02 -9.9742959724987501e-01 2.7350137616369730e+00 0 0 0 1</transform>
        <rotation_covariance>2.7009605741831876e-09 -7.3677171631331964e-10 1.0027008347821065e-10 -7.3677171631331954e-10 5.2207532803839784e-09 1.7774118081466445e-10 1.0027008347821062e-10 1.7774118081466445e-10 5.5833061570634723e-10</rotation_covariance>
        <location_covariance>2.3329960996167194e-07 7.2417014812544085e-08 1.8208135242736225e-06 7.2417014812544085e-08 1.1990819396834406e-07 1.0368091356108617e-06 1.8208135242736225e-06 1.0368091356108617e-06 2.5971526981058352e-05</location_covariance>
        <orientation>1</orientation>
        <reference x="-83.57968554" y="31.437690620000001" z="50.270000000000003" yaw="180.30000000000004" pitch="0.099999999999993788" roll="-0" enabled="true" rotation_enabled="false"/>
      </camera>
      <camera id="20" sensor_id="0" component_id="5" label="1_DJI_0528">
        <transform>-9.9233189427958690e-01 -9.4205874760135686e-02 -8.0016652992765031e-02 7.1314883919136465e+00 -9.0891784775085208e-02 9.9488366392622296e-01 -4.4104180222896562e-02 5.9752617165872213e+00 8.3762133783031906e-02 -3.6493128303994156e-02 -9.9581733090497160e-01 -1.6310402794093768e+00 0 0 0 1</transform>
        <rotation_covariance>4.0871923989618906e-09 -8.7164196684565749e-11 -1.0776572288480427e-11 -8.7164196684565697e-11 9.4993905123128774e-10 -4.1548556453377605e-11 -1.0776572288480343e-11 -4.1548556453377611e-11 2.0764335249383160e-10</rotation_covariance>
        <location_covariance>3.7003791911582590e-07 1.2717237388375100e-07 4.1143635072486277e-06 1.2717237388375100e-07 1.2973144332054072e-07 1.7699097790380385e-06 4.1143635072486277e-06 1.7699097790380385e-06 5.8393256253091312e-05</location_covariance>
        <orientation>1</orientation>
        <reference x="-83.580537399999997" y="31.435783019999999" z="46.93" yaw="0" pitch="0.099999999999993788" roll="-0" enabled="true" rotation_enabled="false"/>
      </camera>
      <camera id="21" sensor_id="0" component_id="5" label="1_DJI_0529">
        <transform>9.9548103793759779e-01 7.4281747656616146e-02 -5.9158474217657485e-02 -1.5936105444984818e+01 7.2015977148157925e-02 -9.9661881159079613e-01 -3.9555573801244026e-02 -6.5744256569268771e+01 -6.1896705421843209e-02 3.5116468336501228e-02 -9.9746460163230510e-01 2.6715463549932639e+00 0 0 0 1</transform>
        <rotation_covariance>2.9239115111027037e-09 -7.7729476262879831e-10 2.4677126335234040e-10 -7.7729476262879851e-10 5.5982659174766111e-09 1.2249700368162839e-10 2.4677126335234035e-10 1.2249700368162844e-10 7.2842779670287365e-10</rotation_covariance>
        <location_covariance>2.2798192187348517e-07 6.6881165038904453e-08 1.7579918963594448e-06 6.6881165038904453e-08 1.2613200712319213e-07 1.0109530229344228e-06 1.7579918963594448e-06 1.0109530229344228e-06 2.5707673903989334e-05</location_covariance>
        <orientation>1</orientation>
        <reference x="-83.579685819999995" y="31.437636770000001" z="50.469999999999999" yaw="180.19999999999999" pitch="0.099999999999993788" roll="-0" enabled="true" rotation_enabled="false"/>
      </camera>
      <camera id="22" sensor_id="0" component_id="5" label="1_DJI_0530">
        <transform>-9.9172133300394694e-01 -1.0024500600200098e-01 -8.0247968426208321e-02 7.2556921348452734e+00 -9.7017521444906843e-02 9.9434621285774871e-01 -4.3164910611975749e-02 4.0095669908071576e+00 8.4121330217501761e-02 -3.5022103693405193e-02 -9.9583987370225668e-01 -1.5297814711473909e+00 0 0 0 1</transform>
        <rotation_covariance>4.0889854349105776e-09 -1.3123436558751090e-10 -6.2283023980885308e-12 -1.3123436558751074e-10 1.0010628576253218e-09 -2.5323497635831037e-11 -6.2283023980885017e-12 -2.5323497635831037e-11 2.1220481405750053e-10</rotation_covariance>
        <location_covariance>3.6384272320444669e-07 1.2017389226442164e-07 4.0642133885139108e-06 1.2017389226442164e-07 1.1967654376664881e-07 1.6708399333659460e-06 4.0642133885139108e-06 1.6708399333659460e-06 5.7655463824477276e-05</location_covariance>
        <orientation>1</orientation>
        <reference x="-83.580537269999994" y="31.435835539999999" z="47.130000000000003" yaw="359.80000000000001" pitch="0.099999999999993788" roll="-0" enabled="true" rotation_enabled="false"/>
      </camera>
      <camera id="23" sensor_id="0" component_id="5" label="1_DJI_0531">
        <transform>-9.9157409809488284e-01 -1.0193681294519698e-01 -7.9935562510657823e-02 7.3139679143827134e+00 -9.8762041969293834e-02 9.9419356933907943e-01 -4.2722426790564094e-02 2.9867027669545716e+00 8.3826410237912680e-02 -3.4467852433760993e-02 -9.9588407964744041e-01 -1.4933185977813102e+00 0 0 0 1</transform>
        <rotation_covariance>4.0629726821346964e-09 -7.7787157010793548e-11 -5.9471221988930408e-12 -7.7787157010793470e-11 1.0139504707345254e-09 -2.3530386952860656e-11 -5.9471221988929777e-12 -2.3530386952860656e-11 2.1291555771380779e-10</rotation_covariance>
        <location_covariance>3.5008755912760326e-07 1.1427521015713436e-07 3.9423836980003317e-06 1.1427521015713436e-07 1.1453134742187091e-07 1.6103566296655210e-06 3.9423836980003317e-06 1.6103566296655210e-06 5.6647355746661162e-05</location_covariance>
        <orientation>1</orientation>
        <reference x="-83.580537219999997" y="31.43586251" z="47.030000000000001" yaw="359.80000000000001" pitch="0.099999999999993788" roll="-0" enabled="true" rotation_enabled="false"/>
      </camera>
      <camera id="24" sensor_id="0" component_id="5" label="1_DJI_0532">
        <transform>9.9726425905698912e-01 4.4445637740037201e-02 -5.9064226850070296e-02 -1.6188016071685489e+01 4.2117051453832696e-02 -9.9830756461931691e-01 -4.0101875276382370e-02 -6.2671896680665682e+01 -6.0746617884046825e-02 3.7504555852971577e-02 -9.9744837295266608e-01 2.6302971432628515e+00 0 0 0 1</transform>
        <rotation_covariance>3.6392964791423254e-09 -7.1510077163672890e-10 3.7191641108759302e-10 -7.1510077163672910e-10 6.5900980716261636e-09 6.7742258881831287e-11 3.7191641108759292e-10 6.7742258881831326e-11 8.5586843552576481e-10</rotation_covariance>
        <location_covariance>2.4617167061269388e-07 6.9949010110097551e-08 1.8415257661025960e-06 6.9949010110097551e-08 1.4390128683006345e-07 1.0087245202146309e-06 1.8415257661025960e-06 1.0087245202146309e-06 2.6852665875465792e-05</location_covariance>
        <orientation>1</orientation>
        <reference x="-83.579685409999996" y="31.437554970000001" z="50.369999999999997" yaw="180.40000000000003" pitch="0.099999999999993788" roll="-0" enabled="true" rotation_enabled="false"/>
      </camera>
      <camera id="25" sensor_id="0" component_id="5" label="1_DJI_0533">
        <transform>9.9752277962263824e-01 3.7992872433549207e-02 -5.9201737965820601e-02 -1.6258771597533340e+01 3.5647620831711184e-02 -9.9855637529227814e-01 -4.0179752266356228e-02 -6.1725523195551254e+01 -6.0642817076420344e-02 3.7969817057700528e-02 -9.9743708660227826e-01 2.5956200837701111e+00 0 0 0 1</transform>
        <rotation_covariance>4.4508780346455348e-09 -6.8027088911989886e-10 4.9167831719698120e-10 -6.8027088911989865e-10 6.8639855615750533e-09 5.8007023401356391e-11 4.9167831719698120e-10 5.8007023401356391e-11 8.7202242608069638e-10</rotation_covariance>
        <location_covariance>2.4880657971272067e-07 6.9093886497392894e-08 1.8406008154081965e-06 6.9093886497392894e-08 1.4851524767191828e-07 9.8225436680566995e-07 1.8406008154081965e-06 9.8225436680566995e-07 2.6660157602571919e-05</location_covariance>
        <orientation>1</orientation>
        <reference x="-83.579685209999994" y="31.437529260000002" z="50.469999999999999" yaw="180.30000000000004" pitch="0.099999999999993788" roll="-0" enabled="true" rotation_enabled="false"/>
      </camera>
      <camera id="26" sensor_id="0" component_id="5" label="1_DJI_0534">
