<?xml version="1.0" encoding="UTF-8"?>
<document version="1.5.0">
  <chunk label="Chunk 1" enabled="true">
    <sensors next_id="1">
      <sensor id="0" label="FC6310S (8.8mm)" type="frame">
        <resolution width="5472" height="3648"/>
        <property name="pixel_width" value="0.0024122807017543861"/>
        <property name="pixel_height" value="0.0024122807017543861"/>
        <property name="focal_length" value="8.8000000000000007"/>
        <property name="layer_index" value="0"/>
        <bands>
          <band label="Red"/>
          <band label="Green"/>
          <band label="Blue"/>
        </bands>
        <data_type>uint8</data_type>
        <calibration type="frame" class="adjusted">
          <resolution width="5472" height="3648"/>
          <f>2796.3720441164683</f>
          <cx>-9.5523346820777615</cx>
          <cy>-9.9406678454381225</cy>
          <k1>-0.0063169699539085177</k1>
          <k2>0.0010370872547805043</k2>
          <k3>0.0010536019284545727</k3>
          <p1>0.00068071834158648585</p1>
          <p2>-0.00064793234462550418</p2>
        </calibration>
        <covariance>
          <params>f cx cy k1 k2 k3 p1 p2</params>
          <coeffs>2.0346845535707793e+01 3.6073334266270979e-01 2.2985730284926725e-01 -9.7414906401323314e-05 3.0399803648094728e-05 4.5956948582397240e-05 4.7145066133403146e-06 -5.0293462971829718e-06 3.6073334266270979e-01 1.1285336685828897e-02 4.1831033637050310e-03 -1.7290967305892032e-06 5.4323135056157453e-07 8.1345151883869742e-07 8.2110438758853985e-08 -9.0129340337132164e-08 2.2985730284926725e-01 4.1831033637050310e-03 4.8034273791060173e-03 -1.0996183920967998e-06 3.4202889033050569e-07 5.2003170674544312e-07 5.3145428572929533e-08 -5.8448913822072956e-08 -9.7414906401323314e-05 -1.7290967305892032e-06 -1.0996183920967998e-06 4.8557341239434160e-10 -1.7587989301129099e-10 -2.0587387951248350e-10 -2.2578892631470547e-11 2.4058226245469937e-11 3.0399803648094728e-05 5.4323135056157453e-07 3.4202889033050569e-07 -1.7587989301129099e-10 9.9086017295886239e-11 4.2304870758148486e-11 7.0389324442482182e-12 -7.5079806978194672e-12 4.5956948582397240e-05 8.1345151883869742e-07 5.2003170674544312e-07 -2.0587387951248350e-10 4.2304870758148486e-11 1.1722421693667434e-10 1.0645180296089890e-11 -1.1355237535493547e-11 4.7145066133403146e-06 8.2110438758853985e-08 5.3145428572929533e-08 -2.2578892631470547e-11 7.0389324442482182e-12 1.0645180296089890e-11 1.3036254865234567e-12 -1.2085943837675219e-12 -5.0293462971829718e-06 -9.0129340337132164e-08 -5.8448913822072956e-08 2.4058226245469937e-11 -7.5079806978194672e-12 -1.1355237535493547e-11 -1.2085943837675219e-12 1.6916306451993247e-12</coeffs>
        </covariance>
        <meta>
          <property name="Exif/BodySerialNumber" value="91729d101b4029bd904de8ef6494c684"/>
          <property name="Exif/Make" value="DJI"/>
          <property name="Exif/Model" value="FC6310S"/>
          <property name="Exif/Software" value="v01.08.1719"/>
        </meta>
      </sensor>
    </sensors>
    <components next_id="1" active_id="0">
      <component id="0" label="Component 1">
        <transform>
          <rotation locked="true">-9.8968110431353329e-01 -4.5228714748651394e-02 1.3596203560895423e-01 -8.7499353524933932e-02 -5.6064641669865445e-01 -8.2341936980840913e-01 1.1346882786679378e-01 -8.2681918144485700e-01 5.5090368150647862e-01</rotation>
          <translation locked="true">6.0910337816780934e+05 -5.4128191972642532e+06 3.3073329739863030e+06</translation>
          <scale locked="true">2.8442376239920319e+00</scale>
        </transform>
        <region>
          <center>1.6795202838708068e+01 -1.1133880393111557e+01 -4.2227319507232206e+00</center>
          <size>1.3712749781065637e+02 7.1822429063450571e+01 2.3824145399198336e+01</size>
          <R>-4.7392430260499892e-02 9.9819779497359051e-01 -3.6811950014441340e-02 -9.9880178791903473e-01 -4.7806977731655209e-02 -1.0463332638537491e-02 -1.2204343642462550e-02 3.6271958728845796e-02 9.9926743117457284e-01</R>
        </region>
        <partition>
          <partition>
            <partition>
              <partition>
                <camera_ids>131 132 134 135 136 138 139 145 149 151 153 155 229 230 234 235 236 237 239 242 243 244 246 247 248 261 262 263 264 265 266 267 515 519 522 523 524 525 526 528 529 530 532 534 536 609 610 613 614 615 620 622 623 627 650</camera_ids>
              </partition>
              <partition>
                <camera_ids>54 55 56 58 59 60 69 71 72 73 75 79 80 81 82 84 88 89 90 95 99 100 101 102 103 104 105 109 110 111 112 113 117 118 119 121 122 124 126 129 130 250 251 252 255 256 309 310 311 312 313 314 315 316 317 318 319 320 321 322 323 324 325 326 327 328 329 330 331 332 333 334 335 336 439 443 444 445 446 447 448 449 450 452 456 458 459 460 465 467 468 469 473 474 475 476 478 479 480 488 489 490 496 497 498 502 505 507 509 510 631 635 636 639 640 641 642 1118 1119 1120 1121 1122 1123 1264 1265 1266 1267 1268 1269 1270 1271 1272 1273 1274 1275 1276 1277 1278 1279 1280 1281 1282 1283 1284 1285 1286 1302 1303 1304 1305 1306 1307</camera_ids>
              </partition>
              <partition>
                <camera_ids>5 6 8 9 10 12 14 17 18 20 21 22 24 160 161 162 163 164 165 167 170 174 177 179 180 181 182 184 188 189 190 194 196 197 199 201 202 204 207 208 209 210 211 212 214 216 217 219 221 224 225 269 270 271 273 274 280 281 283 284 286 287 289 291 293 298 303 307 389 393 395 397 398 401 405 407 538 539 540 541 548 550 551 553 554 555 557 558 560 565 567 568 569 573 574 575 577 580 582 585 587 588 595 597 600 602 604 605 608 654 657 658 659 660 661 664 667 670 672 674 676 677 678 679 681 682 683 684 686 687 688 690</camera_ids>
              </partition>
              <partition>
                <camera_ids>26 28 30 35 36 37 38 42 44 45 47 49 337 338 339 340 341 342 343 344 345 346 347 348 349 350 351 352 353 354 355 356 357 358 359 360 361 362 363 364 365 366 367 409 411 413 414 415 416 421 422 423 425 428 430 432 433 434 435</camera_ids>
              </partition>
            </partition>
            <partition>
              <partition>
                <camera_ids>704 705 706 707 708 709 710 711 712 713 714 715 716 717 718 719 720 721 722 723 724 725 726 727 728 729 730 731 732 733 734 735 736 737 738 739 740 741 742 743 744 745 746 747 748 749 750 751 752 753 754 755 756 757 758 759 760 761 762 763 764 765 766 767 768 769 770 771 772 773 774 775 776 777 778 779 913 914 915 916 917 918 919 920 921 922 923 924 925 926 927 928 929 930 931 932 933 934 935 936 937 938 1097 1098 1099 1100 1101 1102 1103 1104 1105 1106 1107 1108 1109 1110 1111 1112 1113 1114 1115 1116 1117 1287 1288 1289 1290 1291 1292 1293 1294 1295 1296 1297 1298 1299 1300 1301</camera_ids>
              </partition>
              <partition>
                <camera_ids>0 2 4 7 11 13 15 16 19 23 25 27 29 31 32 33 34 39 40 41 43 46 48 50 51 52 53 57 166 168 169 171 172 173 175 176 178 183 185 186 187 383 385 387 388 390 391 392 394 396 399 400 402 403 404 406 408 410 412 417 418 419 420 424 426 427 429 431 436 437 438 440 441 544 545 546 547 549 552 556 559 561 562 563 564 566</camera_ids>
              </partition>
              <partition>
                <camera_ids>780 781 782 783 784 884 885 886 887 888 889 890 891 892 893 894 895 896 897 898 899 900 901 902 903 904 905 906 907 908 909 910 911 912 939 940 941 942 943 944 945 946 947 948 949 950 951 952 953 954 955 956 957 958 959 960 961 962</camera_ids>
              </partition>
            </partition>
            <partition>
              <partition>
                <camera_ids>1073 1074 1075 1076 1077 1078 1079 1080 1081 1082 1083 1084 1085 1086 1087 1088 1089 1090 1091 1092 1093 1094 1095 1096 1124 1125 1126 1127 1128 1129 1130 1131 1132 1133 1134 1135 1136 1137 1138 1139 1140 1141 1142 1143 1144 1145 1146 1147 1148 1149 1150 1151 1152 1153 1154 1155 1156 1245 1246 1247 1248 1249 1250 1251 1252 1253 1254 1255 1256 1257 1258 1259 1260 1261 1262 1263</camera_ids>
              </partition>
              <partition>
                <camera_ids>1 3 368 369 370 371 372 373 374 375 376 377 378 379 380 381 382 384 386 1157 1158 1159 1160 1161 1162 1163 1164 1165 1166 1167 1168 1169 1170 1171 1172 1173 1174 1175 1176 1177 1178 1179 1180 1181 1182 1183 1184 1185 1186 1187 1202 1203 1204 1205 1206 1207 1208 1209 1210 1211 1212 1213 1214 1215 1216 1217 1218 1219 1220 1221 1222 1223 1224 1225 1226 1227 1228 1229 1230 1231 1232 1233 1234 1235 1236 1237 1238 1239 1240 1241 1242 1243 1244</camera_ids>
              </partition>
            </partition>
          </partition>
          <partition>
            <partition>
              <partition>
                <camera_ids>61 62 63 64 65 66 67 68 70 74 76 77 78 83 85 86 87 91 92 93 94 96 97 98 106 107 108 114 115 116 120 123 257 258 259 260 442 451 453 454 455 457 461 462 463 464 466 470 471 472 477 481 482 483 484 485 486 487 491 492 493 494 495 499 500 501 503 504 506 637 638 643 644 645 646 647 648 649</camera_ids>
              </partition>
              <partition>
                <camera_ids>125 127 128 133 137 140 141 142 143 144 146 147 148 150 152 154 156 157 158 159 191 192 193 195 198 200 203 205 206 213 215 218 220 222 223 226 227 228 231 232 233 238 240 295 296 297 299 300 301 302 304 305 306 308 508 511 512 513 514 516 517 518 520 521 527 531 533 535 537 542 543 570 571 572 576 578 579 581 583 584 586 589 590 591 592 593 594 596 598 599 601 603 606 607 611 612 616 617 618 619 621 680 685 689 691 692 693 694 695 696 697 698 699 700 701 702 703</camera_ids>
              </partition>
              <partition>
                <camera_ids>241 245 249 253 254 268 272 275 276 277 278 279 282 285 288 290 292 294 624 625 626 628 629 630 632 633 634 651 652 653 655 656 662 663 665 666 668 669 671 673 675 815 816 817 818 819 820 821 822 823 824 825 826 827 828 829 830 831 832 833</camera_ids>
              </partition>
            </partition>
            <partition>
              <partition>
                <camera_ids>963 964 965 966 967 968 969 970 971 972 973 974 975 976 977 978 979 980 981 982 983 984 985 986 987 988 989 990 991 992 993 994 995 996 997 998 1039 1040 1041 1042 1043 1044 1045 1046 1047 1048 1049 1050 1051 1052 1053 1054 1055 1056 1057 1058 1059 1060 1061 1062 1063 1064 1065 1066 1067 1068 1069 1070 1071 1072</camera_ids>
              </partition>
              <partition>
                <camera_ids>785 786 787 788 789 790 791 792 793 794 795 796 797 798 799 800 801 802 803 804 805 806 807 808 809 810 811 812 813 814 853 854 855 856 857 858 859 860 861 862 863 864 865 866 867 868 869 870 871 872 873 874 875 876 877 878 879 880 881 882 883</camera_ids>
              </partition>
              <partition>
                <camera_ids>834 835 836 837 838 839 840 841 842 843 844 845 846 847 848 849 850 851 852 999 1000 1001 1002 1003 1004 1005 1006 1007 1008 1009 1010 1011 1012 1013 1014 1015 1016 1017 1018 1019 1020 1021 1022 1023 1024 1025 1026 1027 1028 1029 1030 1031 1032 1033 1034 1035 1036 1037 1038 1188 1189 1190 1191 1192 1193 1194 1195 1196 1197 1198 1199 1200 1201</camera_ids>
              </partition>
            </partition>
          </partition>
        </partition>
      </component>
    </components>
    <cameras next_id="1308" next_group_id="0">
      <camera id="0" sensor_id="0" component_id="0" label="1_DJI_0074">
        <transform>9.8648790995150271e-01 1.6102445506310265e-01 -3.0211395054629366e-02 3.4010462367913014e+01 1.5928422627504410e-01 -9.8580048790770070e-01 -5.3159508094990399e-02 1.9019446009513000e+01 -3.8342388807644366e-02 4.7629013348711030e-02 -9.9812891868132503e-01 -2.9958712107943430e+00 0 0 0 1</transform>
        <rotation_covariance>9.2589112316232536e-10 3.6074827812290660e-10 7.4213735495726109e-13 3.6074827812290655e-10 1.9395318799036218e-09 2.8695903393047898e-11 7.4213735495725786e-13 2.8695903393047917e-11 2.3591952598773647e-10</rotation_covariance>
        <location_covariance>8.5269140874476020e-08 2.7090571899036227e-08 8.6016977458512039e-07 2.7090571899036227e-08 8.0671268191080046e-08 9.0816379542126030e-07 8.6016977458512039e-07 9.0816379542126030e-07 2.7134023887934126e-05</location_covariance>
        <orientation>1</orientation>
        <reference x="-83.580617009999997" y="31.43617544" z="31.210000000000001" yaw="180.60000000000002" pitch="0.099999999999993788" roll="-0" enabled="true" rotation_enabled="false"/>
      </camera>
      <camera id="1" sensor_id="0" component_id="0" label="1_DJI_0075">
        <transform>-9.4298590965450968e-01 -3.2850960853569389e-01 -5.3469723141066787e-02 1.3888907506304786e+01 -3.2706728373145649e-01 9.4438749447728365e-01 -3.4047792695638977e-02 -5.6218643543677878e+01 6.1681164917534899e-02 -1.4618391657203501e-02 -9.9798884588945813e-01 5.8092306755358469e-01 0 0 0 1</transform>
        <rotation_covariance>6.6929191960294394e-09 -2.8414096433945384e-09 1.2627012462950495e-09 -2.8414096433945384e-09 9.3751761506632056e-09 -6.5629745740993057e-10 1.2627012462950497e-09 -6.5629745740993068e-10 1.6660253390975631e-09</rotation_covariance>
        <location_covariance>2.3276174926347946e-07 2.1744353671058821e-08 5.9581899919031758e-07 2.1744353671058821e-08 1.5444937935441728e-07 7.0365000873220424e-07 5.9581899919031758e-07 7.0365000873220424e-07 1.4234662005802488e-05</location_covariance>
        <orientation>1</orientation>
        <reference x="-83.579753609999997" y="31.438018419999999" z="33.380000000000003" yaw="0.40000000000000008" pitch="0.099999999999993788" roll="-0" enabled="true" rotation_enabled="false"/>
      </camera>
      <camera id="2" sensor_id="0" component_id="0" label="1_DJI_0076">
        <transform>9.8210373963016040e-01 1.8632554963987180e-01 -2.7477884850453729e-02 3.3588986060672880e+01 1.8461813669125490e-01 -9.8125498050603155e-01 -5.5270307007982328e-02 2.1261943771924059e+01 -3.7261081695305710e-02 4.9208259301738833e-02 -9.9809326167818024e-01 -2.9489725361045180e+00 0 0 0 1</transform>
        <rotation_covariance>5.9759566134379935e-10 3.8059428392560311e-10 -2.3249505334576758e-12 3.8059428392560316e-10 2.0304228561207165e-09 2.6603341920817303e-11 -2.3249505334576782e-12 2.6603341920817322e-11 1.8547493546163383e-10</rotation_covariance>
        <location_covariance>7.7523567662408012e-08 2.9963359958348859e-08 8.0426005433162771e-07 2.9963359958348859e-08 8.9306504022962184e-08 1.1196886316263154e-06 8.0426005433162771e-07 1.1196886316263154e-06 3.0106566221059209e-05</location_covariance>
        <orientation>1</orientation>
        <reference x="-83.580613799999995" y="31.436123139999999" z="31.210000000000001" yaw="179.09999999999999" pitch="0.099999999999993788" roll="-0" enabled="true" rotation_enabled="false"/>
      </camera>
      <camera id="3" sensor_id="0" component_id="0" label="1_DJI_0077">
        <transform>-9.3776025029586085e-01 -3.4309454268560236e-01 -5.3775903008704135e-02 1.4107558253592449e+01 -3.4170201840973941e-01 9.3920993915738404e-01 -3.3532384387214509e-02 -5.8311947704389034e+01 6.2011640679427653e-02 -1.3070002576090367e-02 -9.9798984536562618e-01 6.1820110151686347e-01 0 0 0 1</transform>
        <rotation_covariance>1.7790247314513559e-08 -4.5705876329234825e-09 3.4934497823512994e-09 -4.5705876329234825e-09 1.3848791089108068e-08 -1.5990390996255637e-09 3.4934497823512990e-09 -1.5990390996255637e-09 4.7955523747823543e-09</rotation_covariance>
        <location_covariance>3.4345806489638675e-07 1.4453253700825601e-08 5.6270306743539954e-07 1.4453253700825601e-08 2.8852434812640372e-07 7.2827546106315965e-07 5.6270306743539954e-07 7.2827546106315965e-07 1.4273360637577891e-05</location_covariance>
        <orientation>1</orientation>
        <reference x="-83.579753600000004" y="31.438071539999999" z="33.380000000000003" yaw="359.5" pitch="0.099999999999993788" roll="-0" enabled="true" rotation_enabled="false"/>
      </camera>
      <camera id="4" sensor_id="0" component_id="0" label="1_DJI_0078">
        <transform>9.8395877745727089e-01 1.7626951141016542e-01 -2.7462403609547697e-02 3.3419605509588443e+01 1.7455750066200262e-01 -9.8307289089462058e-01 -5.5654021873792606e-02 2.3273375394142480e+01 -3.6807651751056991e-02 4.9967494787263422e-02 -9.9807236523072707e-01 -3.0227564653698726e+00 0 0 0 1</transform>
        <rotation_covariance>5.9918566273775904e-10 4.5280077207620808e-10 9.2738637543959286e-12 4.5280077207620818e-10 1.9527762326270246e-09 3.4681100765859903e-11 9.2738637543959350e-12 3.4681100765859883e-11 1.7506151597973114e-10</rotation_covariance>
        <location_covariance>7.8323850166541096e-08 3.0985151190629233e-08 8.3439468164895798e-07 3.0985151190629233e-08 9.0335533165336063e-08 1.1399874352262708e-06 8.3439468164895798e-07 1.1399874352262708e-06 3.1028470675026455e-05</location_covariance>
        <orientation>1</orientation>
        <reference x="-83.580615249999994" y="31.436070990000001" z="31.109999999999999" yaw="179.90000000000001" pitch="0.099999999999993788" roll="-0" enabled="true" rotation_enabled="false"/>
      </camera>
      <camera id="5" sensor_id="0" component_id="0" label="1_DJI_0079">
        <transform>8.1557187253793628e-01 5.7776792977834357e-01 -3.2042784595148713e-02 1.1545179874217974e+01 5.7681643380291825e-01 -8.1614371003565911e-01 -3.4528919243356729e-02 -5.9361860397829858e+01 -4.6101219288075937e-02 9.6780105847268823e-03 -9.9888989067427991e-01 6.5718507930556747e-01 0 0 0 1</transform>
        <rotation_covariance>2.2738986223087512e-08 3.7523382938234702e-09 -4.0309565481940679e-09 3.7523382938234686e-09 1.4060500515001215e-08 1.4766196002780856e-09 -4.0309565481940679e-09 1.4766196002780856e-09 9.6537383695059496e-09</rotation_covariance>
        <location_covariance>3.7643878730537041e-07 5.7994774535185032e-09 5.5368781934167420e-07 5.7994774535185032e-09 4.5234016583938472e-07 7.0345692411783503e-07 5.5368781934167420e-07 7.0345692411783503e-07 1.3104184367120941e-05</location_covariance>
        <orientation>1</orientation>
        <reference x="-83.579674429999997" y="31.438090849999998" z="33.280000000000001" yaw="162.30000000000001" pitch="0.099999999999993788" roll="-0" enabled="true" rotation_enabled="false"/>
      </camera>
      <camera id="6" sensor_id="0" component_id="0" label="1_DJI_0080">
        <transform>9.5492514991262456e-01 2.9528367644710984e-01 -3.0422170997975020e-02 1.1416377170157295e+01 2.9417580257150172e-01 -9.5506725070761922e-01 -3.6154443809894618e-02 -5.8387089959526975e+01 -3.9731036303679197e-02 2.5575321105874415e-02 -9.9888305006370348e-01 6.7686612849952854e-01 0 0 0 1</transform>
        <rotation_covariance>1.6525839723810863e-08 5.8369833595181242e-10 -4.1200062710216881e-10 5.8369833595181242e-10 1.0453265084705791e-08 1.4506149921653197e-09 -4.1200062710216891e-10 1.4506149921653199e-09 6.6082804205487839e-09</rotation_covariance>
        <location_covariance>2.9421979176426526e-07 2.1251283700680070e-08 5.0883411243909984e-07 2.1251283700680070e-08 2.3299634494438568e-07 6.4851864051436073e-07 5.0883411243909984e-07 6.4851864051436073e-07 1.3463461786046356e-05</location_covariance>
        <orientation>1</orientation>
        <reference x="-83.579674769999997" y="31.438064789999999" z="33.280000000000001" yaw="178.59999999999999" pitch="0.099999999999993788" roll="-0" enabled="true" rotation_enabled="false"/>
      </camera>
      <camera id="7" sensor_id="0" component_id="0" label="1_DJI_0081">
        <transform>9.8422143987302158e-01 1.7470627627889024e-01 -2.8033450073796120e-02 3.3055139481663716e+01 1.7294966100076659e-01 -9.8333052042161617e-01 -5.6120427360050594e-02 2.6261181736190121e+01 -3.7370737937533698e-02 5.0386552135653365e-02 -9.9803037193759048e-01 -3.0816206630834868e+00 0 0 0 1</transform>
        <rotation_covariance>6.2294556434528582e-10 5.0255831679662720e-10 2.8709650535243098e-11 5.0255831679662720e-10 1.8439522242829927e-09 3.9116415955294063e-11 2.8709650535243095e-11 3.9116415955294050e-11 1.7339150140660127e-10</rotation_covariance>
        <location_covariance>8.5547688672825811e-08 3.5424399744575284e-08 9.4758923922568893e-07 3.5424399744575284e-08 9.4965196005812036e-08 1.2149793816923371e-06 9.4758923922568893e-07 1.2149793816923371e-06 3.3329265324495853e-05</location_covariance>
        <orientation>1</orientation>
        <reference x="-83.580613630000002" y="31.435993459999999" z="31.210000000000001" yaw="180.30000000000004" pitch="0.099999999999993788" roll="-0" enabled="true" rotation_enabled="false"/>
      </camera>
      <camera id="8" sensor_id="0" component_id="0" label="1_DJI_0082">
        <transform>9.7043406842728919e-01 2.3963757303832522e-01 -2.8836650706353745e-02 1.1221345759786953e+01 2.3855981986776834e-01 -9.7044643247113116e-01 -3.6372160352576836e-02 -5.6240619785716937e+01 -3.6700561035449400e-02 2.8417517350343671e-02 -9.9892217591128007e-01 6.4942235970731899e-01 0 0 0 1</transform>
        <rotation_covariance>5.1859352217424772e-09 -9.2130578380664415e-10 5.8148076104556169e-10 -9.2130578380664425e-10 6.7675390187397487e-09 4.7518082996181164e-10 5.8148076104556169e-10 4.7518082996181153e-10 1.6494179420401955e-09</rotation_covariance>
        <location_covariance>1.9781890001712649e-07 2.4221835981388801e-08 4.6208111882495339e-07 2.4221835981388801e-08 1.3233379778482759e-07 5.8280388247425677e-07 4.6208111882495339e-07 5.8280388247425677e-07 1.3583715583538796e-05</location_covariance>
        <orientation>1</orientation>
        <reference x="-83.579676019999994" y="31.43800959" z="33.479999999999997" yaw="180.30000000000004" pitch="0.099999999999993788" roll="-0" enabled="true" rotation_enabled="false"/>
      </camera>
      <camera id="9" sensor_id="0" component_id="0" label="1_DJI_0083">
        <transform>9.7011559563273786e-01 2.4078687249864344e-01 -2.9956854682370519e-02 1.1135852585640579e+01 2.3966661326747660e-01 -9.7016290852001319e-01 -3.6658497198943651e-02 -5.5207811236108327e+01 -3.7889914159793911e-02 2.8383321939284625e-02 -9.9887874211069994e-01 5.9488939881786140e-01 0 0 0 1</transform>
        <rotation_covariance>4.4448192661754612e-09 -1.1226254923320770e-09 3.1285040309618132e-10 -1.1226254923320770e-09 6.2882601481178076e-09 1.8076570845875529e-10 3.1285040309618127e-10 1.8076570845875526e-10 1.2176835743036026e-09</rotation_covariance>
        <location_covariance>1.8105170973131864e-07 2.2155428186642654e-08 4.7895898627585192e-07 2.2155428186642654e-08 1.1928595781721323e-07 5.5944154128885487e-07 4.7895898627585192e-07 5.5944154128885487e-07 1.3187508819817888e-05</location_covariance>
        <orientation>1</orientation>
        <reference x="-83.579676770000006" y="31.437983289999998" z="33.479999999999997" yaw="179.39999999999998" pitch="0.099999999999993788" roll="-0" enabled="true" rotation_enabled="false"/>
      </camera>
      <camera id="10" sensor_id="0" component_id="0" label="1_DJI_0084">
        <transform>9.7404495045269113e-01 2.2432016324997128e-01 -3.0280337797335966e-02 1.0994506836329105e+01 2.2316666509752417e-01 -9.7406746873737449e-01 -3.7272053026542240e-02 -5.4162781657789900e+01 -3.7855965010339228e-02 2.9547093039250349e-02 -9.9884628207050219e-01 5.3289012624917242e-01 0 0 0 1</transform>
        <rotation_covariance>3.9456009262446471e-09 -9.8351082724160559e-10 3.8303915467941676e-10 -9.8351082724160559e-10 6.0118985297157540e-09 1.6115117880221917e-10 3.8303915467941676e-10 1.6115117880221922e-10 1.2032479921913668e-09</rotation_covariance>
        <location_covariance>1.6553601261741343e-07 2.6412729200081867e-08 4.7114125154477062e-07 2.6412729200081867e-08 1.1786010211477946e-07 5.3495013567032580e-07 4.7114125154477062e-07 5.3495013567032580e-07 1.2702966270706736e-05</location_covariance>
        <orientation>1</orientation>
        <reference x="-83.579675989999998" y="31.437956969999998" z="33.380000000000003" yaw="179.80000000000001" pitch="0.099999999999993788" roll="-0" enabled="true" rotation_enabled="false"/>
      </camera>
      <camera id="11" sensor_id="0" component_id="0" label="1_DJI_0085">
        <transform>9.8352925721004603e-01 1.7862052287429683e-01 -2.7656988627977518e-02 3.2631895392782063e+01 1.7684809570075696e-01 -9.8258877883044282e-01 -5.6956498869885130e-02 3.0267617640240253e+01 -3.7349046291320041e-02 5.1127297255107673e-02 -9.9799351110942436e-01 -3.2532217949347073e+00 0 0 0 1</transform>
        <rotation_covariance>6.8051816267224049e-10 5.8236088015459875e-10 2.4523140939062519e-11 5.8236088015459875e-10 1.8371161805066127e-09 3.3475793560818411e-11 2.4523140939062516e-11 3.3475793560818411e-11 1.5638716671118339e-10</rotation_covariance>
        <location_covariance>9.1276296823089382e-08 3.8107085950794525e-08 9.8606885072821270e-07 3.8107085950794525e-08 1.0267762569544981e-07 1.2819193486852450e-06 9.8606885072821270e-07 1.2819193486852450e-06 3.4962746340963175e-05</location_covariance>
        <orientation>1</orientation>
        <reference x="-83.580613990000003" y="31.435890489999998" z="31.109999999999999" yaw="180.09999999999999" pitch="0.099999999999993788" roll="-0" enabled="true" rotation_enabled="false"/>
      </camera>
      <camera id="12" sensor_id="0" component_id="0" label="1_DJI_0086">
        <transform>9.7905875579101487e-01 2.0138789071318131e-01 -2.9780365730545592e-02 1.0710371017666732e+01 2.0021657892422487e-01 -9.7900804289016630e-01 -3.8165081949934454e-02 -5.2077141602752825e+01 -3.6841202923207840e-02 3.1403334702882854e-02 -9.9882759089680218e-01 4.6152670158791664e-01 0 0 0 1</transform>
        <rotation_covariance>2.9852232737407428e-09 -7.6301696828372220e-10 3.3017255360395939e-10 -7.6301696828372210e-10 5.1560873662212853e-09 1.5975500701305479e-10 3.3017255360395944e-10 1.5975500701305482e-10 9.8243604388085465e-10</rotation_covariance>
        <location_covariance>1.3735240554260731e-07 2.9232203902770711e-08 4.5326333821201940e-07 2.9232203902770711e-08 1.1627844043473924e-07 5.1173379151454338e-07 4.5326333821201940e-07 5.1173379151454338e-07 1.2382945685174637e-05</location_covariance>
        <orientation>1</orientation>
        <reference x="-83.579674359999999" y="31.43790306" z="33.18" yaw="180.19999999999999" pitch="0.099999999999993788" roll="-0" enabled="true" rotation_enabled="false"/>
      </camera>
      <camera id="13" sensor_id="0" component_id="0" label="1_DJI_0087">
        <transform>9.8234303697991643e-01 1.8500011092840943e-01 -2.7876812112416667e-02 3.2420231547818481e+01 1.8321072298037286e-01 -9.8142278587093157e-01 -5.6948629117387281e-02 3.2254653950994062e+01 -3.7894441308505965e-02 5.0835758377513363e-02 -9.9798784410838348e-01 -3.3373505446190133e+00 0 0 0 1</transform>
        <rotation_covariance>7.2791829729184540e-10 6.6443475718790434e-10 1.9720583427796769e-11 6.6443475718790423e-10 1.7960286625585030e-09 3.7761546864489813e-11 1.9720583427796757e-11 3.7761546864489813e-11 1.4971654743178278e-10</rotation_covariance>
        <location_covariance>9.6616075757017754e-08 4.0303050123925886e-08 1.0399148983899329e-06 4.0303050123925886e-08 1.0593252297264567e-07 1.2910089758039974e-06 1.0399148983899329e-06 1.2910089758039974e-06 3.5861838245599039e-05</location_covariance>
        <orientation>1</orientation>
        <reference x="-83.580613799999995" y="31.435838279999999" z="31.109999999999999" yaw="179.59999999999997" pitch="0.099999999999993788" roll="-0" enabled="true" rotation_enabled="false"/>
      </camera>
      <camera id="14" sensor_id="0" component_id="0" label="1_DJI_0088">
        <transform>9.8175398115277313e-01 1.8790275536593640e-01 -2.9183471633263181e-02 1.0498255158251039e+01 1.8672551412187505e-01 -9.8164229831964023e-01 -3.8884193776599185e-02 -4.9967115397316334e+01 -3.5954177317828462e-02 3.2725413299509898e-02 -9.9881747304388613e-01 4.3430165176571189e-01 0 0 0 1</transform>
        <rotation_covariance>2.2839468267669533e-09 -6.5207278393814029e-10 1.7145529180164193e-10 -6.5207278393814018e-10 4.5084768116125226e-09 1.3787178581579892e-10 1.7145529180164198e-10 1.3787178581579894e-10 7.4058397531954501e-10</rotation_covariance>
        <location_covariance>1.2113505654118745e-07 2.6517516250644263e-08 4.5127190417271051e-07 2.6517516250644263e-08 1.0805791896016586e-07 5.1797763857463418e-07 4.5127190417271051e-07 5.1797763857463418e-07 1.2643965100715481e-05</location_covariance>
        <orientation>1</orientation>
        <reference x="-83.579674879999999" y="31.437849060000001" z="33.280000000000001" yaw="180.09999999999999" pitch="0.099999999999993788" roll="-0" enabled="true" rotation_enabled="false"/>
      </camera>
      <camera id="15" sensor_id="0" component_id="0" label="1_DJI_0089">
        <transform>9.8503087486159124e-01 1.7004850118279502e-01 -2.8243279110136486e-02 3.2189321472517122e+01 1.6827910563451209e-01 -9.8413079728062569e-01 -5.6291353249395562e-02 3.4232674151711386e+01 -3.7367341038088850e-02 5.0695967189555324e-02 -9.9801482991710033e-01 -3.3854683800803214e+00 0 0 0 1</transform>
        <rotation_covariance>9.1165737239957258e-10 7.8724878923862577e-10 2.1588540755452887e-11 7.8724878923862577e-10 1.7525085097852304e-09 3.5198000719230939e-11 2.1588540755452887e-11 3.5198000719230946e-11 1.5196525766616891e-10</rotation_covariance>
        <location_covariance>1.0417171977173512e-07 4.0826789832679399e-08 1.1181983273292461e-06 4.0826789832679399e-08 1.0743138109074875e-07 1.2591901969230645e-06 1.1181983273292461e-06 1.2591901969230645e-06 3.7490149270195964e-05</location_covariance>
        <orientation>1</orientation>
        <reference x="-83.580613779999993" y="31.435786539999999" z="31.109999999999999" yaw="180.60000000000002" pitch="0.099999999999993788" roll="-0" enabled="true" rotation_enabled="false"/>
      </camera>
      <camera id="16" sensor_id="0" component_id="0" label="1_DJI_0090">
        <transform>9.8375287054350502e-01 1.7727084075114705e-01 -2.8378490389646058e-02 3.2119727457802661e+01 1.7549293813858907e-01 -9.8287738564136562e-01 -5.6162918890318991e-02 3.5221227085069870e+01 -3.7848624293349231e-02 5.0270208018036389e-02 -9.9801823020670521e-01 -3.4054664693366039e+00 0 0 0 1</transform>
        <rotation_covariance>9.8703303169979320e-10 8.1895082906994275e-10 2.4938298101190668e-11 8.1895082906994296e-10 1.7634608544376003e-09 3.2708277992999161e-11 2.4938298101190678e-11 3.2708277992999167e-11 1.5883555698342132e-10</rotation_covariance>
        <location_covariance>1.0893606495641098e-07 4.1959958025631389e-08 1.1637758896647922e-06 4.1959958025631389e-08 1.1114031907165843e-07 1.2724068671398029e-06 1.1637758896647922e-06 1.2724068671398029e-06 3.8453295800661220e-05</location_covariance>
        <orientation>1</orientation>
        <reference x="-83.580614780000005" y="31.435761119999999" z="31.210000000000001" yaw="180.09999999999999" pitch="0.099999999999993788" roll="-0" enabled="true" rotation_enabled="false"/>
      </camera>
      <camera id="17" sensor_id="0" component_id="0" label="1_DJI_0091">
        <transform>9.8595066027723322e-01 1.6452758042541837e-01 -2.8843903658238964e-02 1.0179156233583152e+01 1.6332197987915903e-01 -9.8575725272152726e-01 -4.0106976890022350e-02 -4.6832573716851833e+01 -3.5031791093803624e-02 3.4832656893533764e-02 -9.9877898437366897e-01 2.9332163209738826e-01 0 0 0 1</transform>
        <rotation_covariance>2.0237732173168790e-09 -5.2831850914190803e-10 1.6150748994054050e-10 -5.2831850914190803e-10 3.9181512553310171e-09 1.0636847569447818e-10 1.6150748994054050e-10 1.0636847569447819e-10 6.2032194425042151e-10</rotation_covariance>
        <location_covariance>1.0440291506779120e-07 2.1556885710997718e-08 4.2021090703214298e-07 2.1556885710997718e-08 9.6671920752390338e-08 4.8509285670907017e-07 4.2021090703214298e-07 4.8509285670907017e-07 1.1954991831418495e-05</location_covariance>
        <orientation>1</orientation>
        <reference x="-83.579675730000005" y="31.43776991" z="33.479999999999997" yaw="180.19999999999999" pitch="0.099999999999993788" roll="-0" enabled="true" rotation_enabled="false"/>
      </camera>
      <camera id="18" sensor_id="0" component_id="0" label="1_DJI_0092">
        <transform>9.8696631912240518e-01 1.5833501456556642e-01 -2.8766440177598961e-02 1.0071553332899724e+01 1.5712088530643539e-01 -9.8674999710266664e-01 -4.0465672098821792e-02 -4.5799082181310695e+01 -3.4792417543072184e-02 3.5418446894369189e-02 -9.9876675019801275e-01 2.4837465259052310e-01 0 0 0 1</transform>
        <rotation_covariance>2.0026239224817883e-09 -5.0322144139574119e-10 1.4038727993540159e-10 -5.0322144139574119e-10 3.8401042536478865e-09 9.8209129518516484e-11 1.4038727993540154e-10 9.8209129518516484e-11 5.6889213223316459e-10</rotation_covariance>
        <location_covariance>1.0002992690262475e-07 2.0925302054063870e-08 4.1262504585722432e-07 2.0925302054063870e-08 9.2833234050046012e-08 4.7627529086559270e-07 4.1262504585722432e-07 4.7627529086559270e-07 1.1763685444914985e-05</location_covariance>
        <orientation>1</orientation>
        <reference x="-83.579675960000003" y="31.437742350000001" z="33.280000000000001" yaw="180.19999999999999" pitch="0.099999999999993788" roll="-0" enabled="true" rotation_enabled="false"/>
      </camera>
      <camera id="19" sensor_id="0" component_id="0" label="1_DJI_0093">
        <transform>-9.8118603441222896e-01 -1.8658119013584631e-01 -4.9612754024493957e-02 2.9571786322058585e+01 -1.8422813278314387e-01 9.8168962788475922e-01 -4.8430048469102586e-02 3.5140039803505381e+01 5.7740462118345437e-02 -3.8378822167628668e-02 -9.9759365727904736e-01 -3.3081888786683651e+00 0 0 0 1</transform>
        <rotation_covariance>2.0790225205289793e-09 1.1686014077447453e-10 1.4471828886308631e-11 1.1686014077447458e-10 5.6602517774905264e-10 9.6571126638754194e-13 1.4471828886308652e-11 9.6571126638753790e-13 1.3872434509039397e-10</rotation_covariance>
        <location_covariance>1.1145892036448117e-07 4.5859189298113065e-08 1.3295999350485253e-06 4.5859189298113065e-08 1.0431090624354039e-07 1.2651911821390123e-06 1.3295999350485253e-06 1.2651911821390123e-06 3.7913302560641235e-05</location_covariance>
        <orientation>1</orientation>
        <reference x="-83.580537820000004" y="31.435753819999999" z="31.309999999999999" yaw="359.30000000000001" pitch="0.099999999999993788" roll="-0" enabled="true" rotation_enabled="false"/>
      </camera>
      <camera id="20" sensor_id="0" component_id="0" label="1_DJI_0094">
        <transform>9.8867099031297001e-01 1.4745917039471723e-01 -2.8026165989542780e-02 9.8297536274049886e+00 1.4622094275715397e-01 -9.8835843769371146e-01 -4.2036109939607269e-02 -4.3721065553243605e+01 -3.3898507530284741e-02 3.7461870030036926e-02 -9.9872293429212489e-01 1.8564950913812955e-01 0 0 0 1</transform>
        <rotation_covariance>1.9384703929175141e-09 -5.2808258242463700e-10 7.9365997408338112e-11 -5.2808258242463689e-10 3.7069922640077868e-09 2.9574911495212229e-11 7.9365997408338087e-11 2.9574911495212242e-11 5.1377729502980860e-10</rotation_covariance>
        <location_covariance>9.2823885591554461e-08 1.9170216083445949e-08 3.9506033855630525e-07 1.9170216083445949e-08 8.7368508807643872e-08 4.9005253548717085e-07 3.9506033855630525e-07 4.9005253548717085e-07 1.1696220816244204e-05</location_covariance>
        <orientation>1</orientation>
        <reference x="-83.579676140000004" y="31.437688390000002" z="33.280000000000001" yaw="179.90000000000001" pitch="0.099999999999993788" roll="-0" enabled="true" rotation_enabled="false"/>
      </camera>
      <camera id="21" sensor_id="0" component_id="0" label="1_DJI_0095">
        <transform>9.8982232900716793e-01 1.3955556337119479e-01 -2.7856807623526332e-02 9.6884809923600415e+00 1.3830981517772004e-01 -9.8947553373485586e-01 -4.2527205006048563e-02 -4.2668833857515303e+01 -3.3498537644659321e-02 3.8241507191401347e-02 -9.9870688147393816e-01 1.5010391933360279e-01 0 0 0 1</transform>
        <rotation_covariance>1.9381372984465176e-09 -5.2843022008097607e-10 5.8615782727298045e-11 -5.2843022008097587e-10 3.7228500540548487e-09 2.1408553226981247e-11 5.8615782727298045e-11 2.1408553226981276e-11 5.1230297367982667e-10</rotation_covariance>
        <location_covariance>9.0184248688676030e-08 1.8447358686842587e-08 3.9031942145185855e-07 1.8447358686842587e-08 8.5695859742118500e-08 4.8770594471546911e-07 3.9031942145185855e-07 4.8770594471546911e-07 1.1624774498448745e-05</location_covariance>
        <orientation>1</orientation>
        <reference x="-83.579675480000006" y="31.437661299999998" z="33.380000000000003" yaw="180.09999999999999" pitch="0.099999999999993788" roll="-0" enabled="true" rotation_enabled="false"/>
      </camera>
      <camera id="22" sensor_id="0" component_id="0" label="1_DJI_0096">
        <transform>9.9114492403267440e-01 1.2985611076486342e-01 -2.7733194213582786e-02 9.5717621795204106e+00 1.2860646559378935e-01 -9.9076762648043559e-01 -4.2893907793514541e-02 -4.1623427229644584e+01 -3.3047187047284814e-02 3.8947410894032641e-02 -9.9869463932320857e-01 9.9543275502170098e-02 0 0 0 1</transform>
        <rotation_covariance>2.0265089939930611e-09 -5.0624005297985396e-10 3.1677415548223206e-11 -5.0624005297985396e-10 3.8055084280525557e-09 1.7955248762860139e-11 3.1677415548223219e-11 1.7955248762860103e-11 5.0758142687913407e-10</rotation_covariance>
        <location_covariance>8.8378711252915512e-08 1.7484124393736009e-08 3.8074256269205745e-07 1.7484124393736009e-08 8.3456939637401671e-08 4.7599982537859432e-07 3.8074256269205745e-07 4.7599982537859432e-07 1.1408474099087051e-05</location_covariance>
        <orientation>1</orientation>
        <reference x="-83.579675690000002" y="31.43763418" z="33.380000000000003" yaw="180.19999999999999" pitch="0.099999999999993788" roll="-0" enabled="true" rotation_enabled="false"/>
      </camera>
      <camera id="23" sensor_id="0" component_id="0" label="1_DJI_0097">
        <transform>-9.8545260715812266e-01 -1.6228707739615561e-01 -5.0458533029337907e-02 3.0059372742858429e+01 -1.6001129940720168e-01 9.8602879626704443e-01 -4.6298995606626259e-02 3.0970464776024556e+01 5.7267295267695785e-02 -3.7551530493146829e-02 -9.9765241414550043e-01 -3.1562681934143111e+00 0 0 0 1</transform>
        <rotation_covariance>2.0326702987120747e-09 5.4259052328656474e-12 2.4921167887397601e-11 5.4259052328656458e-12 5.9039637918987632e-10 8.1967189157870498e-13 2.4921167887397601e-11 8.1967189157870094e-13 1.3086932746845271e-10</rotation_covariance>
        <location_covariance>1.0410192830534919e-07 4.1213965006139070e-08 1.2941021551180352e-06 4.1213965006139070e-08 8.5742842995982485e-08 1.1002957695588282e-06 1.2941021551180352e-06 1.1002957695588282e-06 3.5469886042698937e-05</location_covariance>
        <orientation>1</orientation>
        <reference x="-83.580537519999993" y="31.4358608" z="31.309999999999999" yaw="0.20000000000000001" pitch="0.099999999999993788" roll="-0" enabled="true" rotation_enabled="false"/>
      </camera>
      <camera id="24" sensor_id="0" component_id="0" label="1_DJI_0098">
        <transform>9.9253274074036368e-01 1.1881959268711163e-01 -2.7580118783118501e-02 9.3181958402022254e+00 1.1754067877082246e-01 -9.9208800921918427e-01 -4.4108624979828787e-02 -3.9555063763547182e+01 -3.2602873991664463e-02 4.0537468559170682e-02 -9.9864596642168324e-01 -4.0599165126151922e-02 0 0 0 1</transform>
        <rotation_covariance>2.6012077805904895e-09 -5.0393316474556459e-10 2.5264792997807525e-11 -5.0393316474556449e-10 4.0847310318330741e-09 3.1357593465106270e-11 2.5264792997807548e-11 3.1357593465106257e-11 5.2269227642993294e-10</rotation_covariance>
