<?xml version="1.0" encoding="UTF-8"?>
<document version="1.5.0">
  <chunk label="Chunk 1" enabled="true">
    <sensors next_id="1">
      <sensor id="0" label="FC6310S (8.8mm)" type="frame">
        <resolution width="5472" height="3648"/>
        <property name="pixel_width" value="0.0024122807017543861"/>
        <property name="pixel_height" value="0.0024122807017543861"/>
        <property name="focal_length" value="8.8000000000000007"/>
        <property name="layer_index" value="0"/>
        <bands>
          <band label="Red"/>
          <band label="Green"/>
          <band label="Blue"/>
        </bands>
        <data_type>uint8</data_type>
        <calibration type="frame" class="adjusted">
          <resolution width="5472" height="3648"/>
          <f>1951.3727077259718</f>
          <cx>-24.404982994364389</cx>
          <cy>-17.837484178297785</cy>
          <k1>-0.0029977221996894468</k1>
          <k2>0.00032248816840259878</k2>
          <k3>0.00010271505447157355</k3>
          <p1>0.00046283758406897728</p1>
          <p2>-0.00048237889754693228</p2>
        </calibration>
        <covariance>
          <params>f cx cy k1 k2 k3 p1 p2</params>
          <coeffs>3.5999609930286177e+01 4.2685652931105783e-01 2.6813248405207779e-01 -1.1966158639416905e-04 2.3711820210736434e-05 1.1367075100697244e-05 8.2910033770248856e-06 -9.1747512939168277e-06 4.2685652931105783e-01 2.2043583766770552e-02 4.0835555404431156e-03 -1.4121020977553263e-06 2.7579770363356233e-07 1.3572376281771765e-07 9.1913339822497284e-08 -1.0637437015754908e-07 2.6813248405207779e-01 4.0835555404431156e-03 1.3596526736610368e-02 -8.8645016585809442e-07 1.7192630793352663e-07 8.5796941336385498e-08 6.0336950690211875e-08 -7.7938763689434984e-08 -1.1966158639416905e-04 -1.4121020977553263e-06 -8.8645016585809442e-07 4.1525755563024198e-10 -9.2017089276991770e-11 -3.4816946437763429e-11 -2.7469649442901168e-11 3.0455438189265684e-11 2.3711820210736434e-05 2.7579770363356233e-07 1.7192630793352663e-07 -9.2017089276991770e-11 2.6615696235985069e-11 4.8943601142023795e-12 5.4597728390704289e-12 -6.0404704676878683e-12 1.1367075100697244e-05 1.3572376281771765e-07 8.5796941336385498e-08 -3.4816946437763429e-11 4.8943601142023795e-12 4.2215910630424598e-12 2.6154922958792470e-12 -2.8964185571309337e-12 8.2910033770248856e-06 9.1913339822497284e-08 6.0336950690211875e-08 -2.7469649442901168e-11 5.4597728390704289e-12 2.6154922958792470e-12 2.2943812923660456e-12 -2.1761070352710548e-12 -9.1747512939168277e-06 -1.0637437015754908e-07 -7.7938763689434984e-08 3.0455438189265684e-11 -6.0404704676878683e-12 -2.8964185571309337e-12 -2.1761070352710548e-12 3.0364050916006469e-12</coeffs>
        </covariance>
        <meta>
          <property name="Exif/BodySerialNumber" value="91729d101b4029bd904de8ef6494c684"/>
          <property name="Exif/Make" value="DJI"/>
          <property name="Exif/Model" value="FC6310S"/>
          <property name="Exif/Software" value="v01.08.1719"/>
        </meta>
      </sensor>
    </sensors>
    <components next_id="1" active_id="0">
      <component id="0" label="Component 1">
        <transform>
          <rotation locked="true">-9.5953313246513072e-01 -2.8520122674113978e-02 2.8014776512459888e-01 -2.2989109392916610e-01 -4.9519770793018120e-01 -8.3781221941002171e-01 1.6262303844690965e-01 -8.6831205949436618e-01 4.6860208567925338e-01</rotation>
          <translation locked="true">6.0909293902672466e+05 -5.4128269648715788e+06 3.3073245322100357e+06</translation>
          <scale locked="true">2.9188718460606156e+00</scale>
        </transform>
        <region>
          <center>1.1896273056832168e+01 -1.2513622744235935e+01 -7.0651930049704816e+00</center>
          <size>1.3007844314032778e+02 6.5353382323441821e+01 1.9841686444748081e+01</size>
          <R>-4.4366930686772242e-02 9.9800965116318696e-01 4.4814190236676175e-02 -9.8121604211434033e-01 -5.1962639161669787e-02 1.8578203042496716e-01 1.8774092297340070e-01 -3.5729823907878169e-02 9.8156850271624330e-01</R>
        </region>
        <partition>
          <camera_ids>717 718 719 720 721</camera_ids>
          <partition>
            <partition>
              <partition>
                <camera_ids>30 31 32 33 37 39 40 41 42 44 280 281 282 284 289 1094 1095 1096 1097 1098 1099 1100 1101 1102 1103 1104 1105 1106 1107 1108 1109 1110 1111 1112 1113 1114 1115 1116 1117 1118 1119 1120 1121 1122 1152 1153 1154 1155 1156 1157 1158 1159 1160 1161 1162 1163 1164 1165 1166 1167 1168 1169 1170 1171 1172 1173 1174 1175 1176 1177 1178</camera_ids>
              </partition>
              <partition>
                <camera_ids>163 164 169 170 171 172 173 183 184 185 186 188 189 190 191 193 194 195 196 198 201 205 206 209 211 213 215 216 218 219 220 223 224 225 229 230 231 232 236 240 242 244 411 412 413 414 420 421 422 423 424 425 426 427 428 433 438 443 445 446 448 449 450 453 454 456 458 460 463 467 468 472 473 474 479 480 481 483 484 485 487 489</camera_ids>
              </partition>
            </partition>
            <partition>
              <partition>
                <camera_ids>45 46 48 49 52 53 55 56 57 58 59 64 67 68 69 293 296 297 300 306 307 308 309 311 312 316 317 318 319 320 321 322 323 324 325 326 762 763 764 765 766 767 768 769 770 771 772 773 774 775 776 777 778 779 780 781 782 783 784 785 786 787 788 789 790 791 792 793 794 795 796 797 798 799 800 801 802 803 804 805 806 807 808 809 810 811 812 813 814 815 816 817 818 819 950 951 952 953 954 955 956 957 958 959 960 961 962 963 964 1123 1124 1125 1126 1127 1128 1129 1130 1131 1132 1133 1134 1135 1136 1137 1138 1139 1140 1141 1142 1143 1144 1145 1146 1147 1148 1149 1150 1151</camera_ids>
              </partition>
              <partition>
                <camera_ids>913 914 915 916 917 918 919 920 921 922 923 924 925 926 927 928 929 930 931 932 933 934 935 936 937 938 939 940 941 942 943 944 945 946 947 948 949 965 966 967 968 969 970 971 972 973 974 975 976 977 978 979 980 981 982 983 984 985 986 987 988 989 990 991 992 993 994 995 996 997 998 999</camera_ids>
              </partition>
            </partition>
            <partition>
              <partition>
                <camera_ids>820 821 822 823 824 825 826 827 828 829 830 831 832 833 834 835 836 898 899 900 901 902 903 904 905 906 907 908 909 910 911 912 1000 1001 1002 1003 1004 1005 1006 1007 1008 1009 1010 1011 1012 1013 1014 1015 1016 1017 1076 1077 1078 1079 1080 1081 1082</camera_ids>
              </partition>
              <partition>
                <camera_ids>1 2 3 8 9 11 13 15 18 19 20 21 23 25 27 29 245 246 250 251 252 253 256 258 260 262 263 268 270 272 274 1083 1084 1085 1086 1087 1088 1089 1090 1091 1092 1093 1179 1180 1181 1182 1183 1184 1185 1186 1187 1188 1189 1190 1191 1192 1193 1194 1195 1196 1197 1198 1199 1200 1201 1202 1203 1204 1205 1206 1207 1208 1209 1210 1211 1212 1213 1214 1215 1216 1217 1218 1227 1228 1229 1230 1231 1232 1233 1234 1235 1236 1237 1238 1239 1240 1241 1242 1243</camera_ids>
              </partition>
              <partition>
                <camera_ids>1018 1019 1020 1021 1022 1023 1024 1025 1026 1027 1028 1029 1030 1031 1032 1033 1034 1035 1036 1037 1038 1039 1040 1041 1042 1043 1044 1045 1046 1047 1048 1049 1050 1051 1052 1053 1054 1055 1056 1057 1058 1059 1060 1061 1062 1063 1064 1065 1066 1067 1068 1069 1070 1071 1072 1073 1074 1075 1219 1220 1221 1222 1223 1224 1225 1226</camera_ids>
              </partition>
              <partition>
                <camera_ids>837 838 839 840 841 842 843 844 845 846 847 848 849 850 851 852 853 854 855 856 857 858 859 860 861 862 863 864 865 866 867 868 869 870 871 872 873 874 875 876 877 878 879 880 881 882 883 884 885 886 887 888 889 890 891 892 893 894 895 896 897</camera_ids>
              </partition>
            </partition>
          </partition>
          <partition>
            <partition>
              <partition>
                <camera_ids>176 177 178 579 580 581 582 583 584 585 586 587 588 589 590 591 592 593 594 595 596 597 598 599 600 601 602 603 604 605 606 607 608 609 610 611 612 613 614 615 616 617 618 619 620 741 742 743 744 745 746 747 748 749 750 751 752 753 754 755 756 757 758 759 760 761</camera_ids>
              </partition>
              <partition>
                <camera_ids>0 4 5 6 7 10 12 14 16 17 22 24 26 28 34 35 36 38 154 156 157 158 160 161 162 165 166 167 168 174 175 179 180 181 182 187 192 197 247 248 249 254 255 257 259 261 264 265 266 267 269 271 273 275 276 277 278 279 283 285 286 287 399 401 405 409 410 415 416 417 418 419 429 430 431 432 434 435 436 437 439 440 441 442 444</camera_ids>
              </partition>
            </partition>
            <partition>
              <partition>
                <camera_ids>43 47 50 51 54 60 61 62 63 65 66 70 71 72 73 74 75 76 77 78 79 80 82 116 117 118 119 120 121 122 123 125 126 127 128 129 132 133 134 135 137 140 141 142 143 145 147 150 199 200 202 203 204 207 208 210 212 214 217 221 222 226 227 228 233 234 235 237 238 239 241 288 290 291 292 294 295 298 299 301 302 303 304 305 310 313 314 315 327 329 330 331 332 355 356 357 358 359 360 361 370 376 377 382 384 385 390 392 394 395 397 398 447 451 452 455 457 459 461 462 464 465 466 469 470 471 475 476 477 478 482 486 535 536 537 538 539</camera_ids>
              </partition>
              <partition>
                <camera_ids>89 90 91 97 98 101 102 103 107 243 333 334 338 339 340 341 342 345 346 350 351 352 354 488 490 491 492 493 494 495 496 497 498 499 500 501 502 503 504 505 506 507 508 509 510 511 512 513 514 515 516 517 518 519 520 521 522 523 524 525 526 527 528 529 530 531 532 533 534</camera_ids>
              </partition>
            </partition>
            <partition>
              <partition>
                <camera_ids>540 541 542 543 544 545 546 547 548 549 550 551 552 553 554 555 556 557 558 559 560 561 562 563 564 565 566 567 568 569 570 571 572 573 574 575 576 577 578 621 622 623 624 625 626 627 628 629 630 631 632 633 634 635 636 637 638 639 640 641 642 643 644 645 646 647 648 649 650 651 652 653 654 655 656 657 658 659 722 723 724 725 726 727 728 729 730 731 732 733 734 735 736 737 738 739 740</camera_ids>
              </partition>
              <partition>
                <camera_ids>660 661 662 663 664 665 666 667 668 669 670 671 672 673 674 675 676 677 678 679 680 681 682 683 684 685 686 687 688 689 690 691 692 693 694 695 696 697 698 699 700 701 702 703 704 705 706 707 708 709 710 711 712 713 714 715 716</camera_ids>
              </partition>
            </partition>
          </partition>
        </partition>
      </component>
    </components>
    <cameras next_id="1244" next_group_id="0">
      <camera id="0" sensor_id="0" component_id="0" label="1_DJI_0002">
        <transform>9.7731539440475124e-01 1.0334588543954727e-01 -1.8486278106260870e-01 2.7878552850159803e+01 1.0924038916995610e-01 -9.9377271000034706e-01 2.1962200084747113e-02 1.2281158520235472e+01 -1.8144188390083082e-01 -4.1658478384140413e-02 -9.8251891276719727e-01 -7.2444505306131814e+00 0 0 0 1</transform>
        <rotation_covariance>1.7069082119456832e-09 8.8103235578699747e-10 7.3282491212832177e-13 8.8103235578699758e-10 2.7524816233460219e-09 3.3596303804656805e-11 7.3282491212830885e-13 3.3596303804656831e-11 5.7922371801109604e-10</rotation_covariance>
        <location_covariance>1.4894033749834565e-06 -2.6688436827142952e-07 7.4555003733070016e-06 -2.6688436827142952e-07 1.1374628285100569e-07 -1.4072337488085784e-06 7.4555003733070016e-06 -1.4072337488085784e-06 3.9269383253787911e-05</location_covariance>
        <orientation>1</orientation>
        <reference x="-83.580565109999995" y="31.43622624" z="30.420000000000002" yaw="180.70000000000002" pitch="0.099999999999993788" roll="-0" enabled="true" rotation_enabled="false"/>
      </camera>
      <camera id="1" sensor_id="0" component_id="0" label="1_DJI_0003">
        <transform>9.8246424085877027e-01 5.7782420612205135e-02 -1.7727156371509686e-01 3.3976420162762411e+00 6.4636582096910214e-02 -9.9735870905935453e-01 3.3131823346875977e-02 -3.9482391643176356e+01 -1.7488890098754353e-01 -4.4009059654273486e-02 -9.8360412513353968e-01 -4.1852563289625913e+00 0 0 0 1</transform>
        <rotation_covariance>1.7268685058231337e-09 -1.6907765259370887e-10 1.5453053320016334e-11 -1.6907765259370895e-10 3.4014869659532591e-09 3.9921654984391653e-13 1.5453053320016282e-11 3.9921654984391653e-13 7.1289655226124950e-10</rotation_covariance>
        <location_covariance>9.4508418233979380e-07 -1.5867878273615609e-07 4.3842818459493018e-06 -1.5867878273615609e-07 1.3578580650676314e-07 -8.4443675515047799e-07 4.3842818459493018e-06 -8.4443675515047799e-07 2.3377495724033603e-05</location_covariance>
        <orientation>1</orientation>
        <reference x="-83.579670649999997" y="31.437521" z="31.82" yaw="179.59999999999997" pitch="0.099999999999993788" roll="-0" enabled="true" rotation_enabled="false"/>
      </camera>
      <camera id="2" sensor_id="0" component_id="0" label="1_DJI_0004">
        <transform>9.8302609603439239e-01 4.6815825981572648e-02 -1.7739214456408481e-01 3.3262750986324705e+00 5.3456218286793269e-02 -9.9803009957199529e-01 3.2838286721259574e-02 -3.8519996233913830e+01 -1.7550534818590785e-01 -4.1763605998237807e-02 -9.8359222952002190e-01 -4.1239896990053300e+00 0 0 0 1</transform>
        <rotation_covariance>1.4037665701379930e-09 -1.2423315862267447e-10 1.5175265797722429e-11 -1.2423315862267447e-10 3.3388272641832760e-09 -4.7346321682856865e-12 1.5175265797722391e-11 -4.7346321682856962e-12 6.4506586484441747e-10</rotation_covariance>
        <location_covariance>9.5749950035763640e-07 -1.6216390155770344e-07 4.4501762758854042e-06 -1.6216390155770344e-07 1.3511102315383590e-07 -8.6126220519110093e-07 4.4501762758854042e-06 -8.6126220519110093e-07 2.3698192554177653e-05</location_covariance>
        <orientation>1</orientation>
        <reference x="-83.579670309999997" y="31.437495380000001" z="31.920000000000002" yaw="179.90000000000001" pitch="0.099999999999993788" roll="-0" enabled="true" rotation_enabled="false"/>
      </camera>
      <camera id="3" sensor_id="0" component_id="0" label="1_DJI_0005">
        <transform>9.8340116558869251e-01 3.8288152338594721e-02 -1.7735885912267499e-01 3.2254234172294018e+00 4.4757158517633913e-02 -9.9846529805721251e-01 3.2616642024421882e-02 -3.7506817061916344e+01 -1.7583783517840432e-01 -4.0013322356665798e-02 -9.8360560681289022e-01 -4.0736706104764604e+00 0 0 0 1</transform>
        <rotation_covariance>1.3427596248798776e-09 -8.6152899950298053e-11 -1.4607635398824150e-11 -8.6152899950298092e-11 3.3250959534915302e-09 -3.0376936593512007e-12 -1.4607635398824098e-11 -3.0376936593511943e-12 6.8887019188153515e-10</rotation_covariance>
        <location_covariance>9.4976607786209200e-07 -1.6273408942166286e-07 4.4152285416477496e-06 -1.6273408942166286e-07 1.3547422899841975e-07 -8.6287257119356011e-07 4.4152285416477496e-06 -8.6287257119356011e-07 2.3515584171853832e-05</location_covariance>
        <orientation>1</orientation>
        <reference x="-83.579669629999998" y="31.437468710000001" z="31.920000000000002" yaw="180.09999999999999" pitch="0.099999999999993788" roll="-0" enabled="true" rotation_enabled="false"/>
      </camera>
      <camera id="4" sensor_id="0" component_id="0" label="1_DJI_0006">
        <transform>9.7763305233159170e-01 1.0170127822193629e-01 -1.8409363105995943e-01 2.7560946533869320e+01 1.0724284377845973e-01 -9.9402409112630818e-01 2.0373480773432651e-02 1.6249297109916061e+01 -1.8092149526002996e-01 -3.9660512711522766e-02 -9.8269754059137338e-01 -7.1602757403003467e+00 0 0 0 1</transform>
        <rotation_covariance>1.3619215073784085e-09 1.0724887349647800e-09 7.5463394679605541e-12 1.0724887349647796e-09 2.6867015427861611e-09 -2.7547341057961535e-11 7.5463394679604636e-12 -2.7547341057961542e-11 3.8986796978683703e-10</rotation_covariance>
        <location_covariance>1.4197244278520236e-06 -2.5006622787372056e-07 7.2068720096955250e-06 -2.5006622787372056e-07 9.9920942726201063e-08 -1.3355728772004920e-06 7.2068720096955250e-06 -1.3355728772004920e-06 3.8287095040656905e-05</location_covariance>
        <orientation>1</orientation>
        <reference x="-83.580564839999994" y="31.43612151" z="30.32" yaw="180.40000000000003" pitch="0.099999999999993788" roll="-0" enabled="true" rotation_enabled="false"/>
      </camera>
      <camera id="5" sensor_id="0" component_id="0" label="1_DJI_0007">
        <transform>9.7565824649843957e-01 1.1925542411415031e-01 -1.8403567550598421e-01 2.7502637610496958e+01 1.2502429189721137e-01 -9.9195156751367575e-01 2.0025337519316289e-02 1.7184261342949330e+01 -1.8016634667770415e-01 -4.2546815703596169e-02 -9.8271555192654481e-01 -7.1323714614453202e+00 0 0 0 1</transform>
        <rotation_covariance>1.3493558597449543e-09 1.0917426743461601e-09 2.0224490003080682e-11 1.0917426743461601e-09 2.7061768809485181e-09 -3.5601288072289465e-11 2.0224490003080656e-11 -3.5601288072289478e-11 4.0706657196949547e-10</rotation_covariance>
        <location_covariance>1.4267035266582603e-06 -2.4833596355202654e-07 7.2497949907383233e-06 -2.4833596355202654e-07 9.9139856879649427e-08 -1.3266654030701785e-06 7.2497949907383233e-06 -1.3266654030701785e-06 3.8522634762192578e-05</location_covariance>
        <orientation>1</orientation>
        <reference x="-83.580565289999996" y="31.43609674" z="30.32" yaw="179.19999999999999" pitch="0.099999999999993788" roll="-0" enabled="true" rotation_enabled="false"/>
      </camera>
      <camera id="6" sensor_id="0" component_id="0" label="1_DJI_0008">
        <transform>9.7854363685714785e-01 9.2698395970277875e-02 -1.8400912518384538e-01 2.7409821228144825e+01 9.7886055263463001e-02 -9.9501062424136066e-01 1.9291911045188431e-02 1.8208702415495612e+01 -1.8130270530619449e-01 -3.6889904192810963e-02 -9.8273519526742303e-01 -7.0887228282009378e+00 0 0 0 1</transform>
        <rotation_covariance>1.3810611821343779e-09 1.1103858388175782e-09 3.1829194106665943e-11 1.1103858388175782e-09 2.5992771585130807e-09 -3.3520657538750865e-11 3.1829194106665943e-11 -3.3520657538750897e-11 4.1877743786812188e-10</rotation_covariance>
        <location_covariance>1.4421312419564836e-06 -2.4782665294384134e-07 7.3440458732115577e-06 -2.4782665294384134e-07 9.8887155833799100e-08 -1.3230332808789149e-06 7.3440458732115577e-06 -1.3230332808789149e-06 3.9074875286945685e-05</location_covariance>
        <orientation>1</orientation>
        <reference x="-83.580564899999999" y="31.43606995" z="30.32" yaw="180.90000000000001" pitch="0.099999999999993788" roll="-0" enabled="true" rotation_enabled="false"/>
      </camera>
      <camera id="7" sensor_id="0" component_id="0" label="1_DJI_0009">
        <transform>9.7775010623484415e-01 1.0116299878654648e-01 -1.8376827102159066e-01 2.7339837651580602e+01 1.0638563122244246e-01 -9.9414794833228948e-01 1.8760444986784086e-02 1.9171207743824855e+01 -1.8079498673125333e-01 -3.7893330590129892e-02 -9.8279055157730988e-01 -7.0418285577291613e+00 0 0 0 1</transform>
        <rotation_covariance>1.3671444287480956e-09 1.1071203129527820e-09 3.4471606491925287e-11 1.1071203129527820e-09 2.6577522143896862e-09 -1.6015041935287522e-11 3.4471606491925326e-11 -1.6015041935287645e-11 4.1059059796864626e-10</rotation_covariance>
        <location_covariance>1.4667907844294568e-06 -2.4792077085634549e-07 7.4928629048303938e-06 -2.4792077085634549e-07 9.8980128703195508e-08 -1.3283141939108393e-06 7.4928629048303938e-06 -1.3283141939108393e-06 3.9972688622394400e-05</location_covariance>
        <orientation>1</orientation>
        <reference x="-83.580565089999993" y="31.436044150000001" z="30.32" yaw="180.30000000000004" pitch="0.099999999999993788" roll="-0" enabled="true" rotation_enabled="false"/>
      </camera>
      <camera id="8" sensor_id="0" component_id="0" label="1_DJI_0010">
        <transform>9.8407283720655148e-01 1.1162886150303255e-02 -1.7741488394451038e-01 2.8870592589877995e+00 1.6960856133086840e-02 -9.9936932891462904e-01 3.1197336167641261e-02 -3.2373175981877367e+01 -1.7695474119525997e-01 -3.3709559438228329e-02 -9.8364154302825135e-01 -3.8551641182912273e+00 0 0 0 1</transform>
        <rotation_covariance>1.2151896422826852e-09 9.5409082316931844e-11 -8.9465391160253640e-11 9.5409082316931793e-11 3.1911594848160529e-09 -3.7947293535948998e-11 -8.9465391160253614e-11 -3.7947293535949018e-11 6.8184888388426402e-10</rotation_covariance>
        <location_covariance>9.2072881192941870e-07 -1.6194812351409745e-07 4.2833972726373133e-06 -1.6194812351409745e-07 1.3373738870925717e-07 -8.5530803848119066e-07 4.2833972726373133e-06 -8.5530803848119066e-07 2.2768337593141026e-05</location_covariance>
        <orientation>1</orientation>
        <reference x="-83.579671680000004" y="31.437333020000001" z="31.920000000000002" yaw="180.30000000000004" pitch="0.099999999999993788" roll="-0" enabled="true" rotation_enabled="false"/>
      </camera>
      <camera id="9" sensor_id="0" component_id="0" label="1_DJI_0011">
        <transform>9.8408768777884004e-01 8.9460537776180973e-03 -1.7745813839862426e-01 2.7791789998960916e+00 1.4642294027235936e-02 -9.9941783562386521e-01 3.0815467910268096e-02 -3.1392592949549286e+01 -1.7707915175908570e-01 -3.2923516803597438e-02 -9.8364577773381712e-01 -3.8059701817189655e+00 0 0 0 1</transform>
        <rotation_covariance>1.1493466326557778e-09 9.9372491533672244e-11 -8.6974635313262996e-11 9.9372491533672257e-11 3.1950568486406852e-09 -3.7802789175919876e-11 -8.6974635313262996e-11 -3.7802789175919844e-11 6.6341509534201482e-10</rotation_covariance>
        <location_covariance>9.1851551531979510e-07 -1.6083879660306197e-07 4.2689061865827291e-06 -1.6083879660306197e-07 1.3265806817871072e-07 -8.4838686357775407e-07 4.2689061865827291e-06 -8.4838686357775407e-07 2.2666357142554587e-05</location_covariance>
        <orientation>1</orientation>
        <reference x="-83.579670910000004" y="31.437308179999999" z="31.82" yaw="180.19999999999999" pitch="0.099999999999993788" roll="-0" enabled="true" rotation_enabled="false"/>
      </camera>
      <camera id="10" sensor_id="0" component_id="0" label="1_DJI_0012">
        <transform>9.7745165090760500e-01 1.0408493666152011e-01 -1.8372423927768827e-01 2.7147364526474668e+01 1.0900085450273381e-01 -9.9389907427335922e-01 1.6835791523815202e-02 2.2096359035482632e+01 -1.8085099904526872e-01 -3.6482271293422186e-02 -9.8283363802100365e-01 -6.9249195119109377e+00 0 0 0 1</transform>
        <rotation_covariance>1.3190436178919087e-09 1.0787344138433606e-09 3.0350419454601217e-11 1.0787344138433606e-09 2.5823135953910293e-09 -1.2666573504057162e-11 3.0350419454601139e-11 -1.2666573504057107e-11 3.5876242392989351e-10</rotation_covariance>
        <location_covariance>1.5386054038583565e-06 -2.4120413057606045e-07 7.8724275227860380e-06 -2.4120413057606045e-07 9.7762471427669490e-08 -1.2933998000627356e-06 7.8724275227860380e-06 -1.2933998000627356e-06 4.2040119049267288e-05</location_covariance>
        <orientation>1</orientation>
        <reference x="-83.580565730000004" y="31.435966220000001" z="30.32" yaw="179.80000000000001" pitch="0.099999999999993788" roll="-0" enabled="true" rotation_enabled="false"/>
      </camera>
      <camera id="11" sensor_id="0" component_id="0" label="1_DJI_0013">
        <transform>9.8415105447726026e-01 6.7994624111840929e-03 -1.7720177561812439e-01 2.6158913390985368e+00 1.2362615294366119e-02 -9.9946411237579824e-01 3.0309302465426735e-02 -2.9381295350073145e+01 -1.7690072841676127e-01 -3.2019609363265422e-02 -9.8370771924481848e-01 -3.6997175196362306e+00 0 0 0 1</transform>
        <rotation_covariance>1.3399342018898890e-09 1.3783380963607271e-10 -2.5758114651143836e-10 1.3783380963607273e-10 3.2799890036353273e-09 -6.3438235050688735e-11 -2.5758114651143841e-10 -6.3438235050688760e-11 8.6335373673162208e-10</rotation_covariance>
        <location_covariance>9.2638324495264570e-07 -1.6353766615016933e-07 4.3186194779385268e-06 -1.6353766615016933e-07 1.3686246348779527e-07 -8.6725746773171261e-07 4.3186194779385268e-06 -8.6725746773171261e-07 2.2968691279654448e-05</location_covariance>
        <orientation>1</orientation>
        <reference x="-83.579670919999998" y="31.437254100000001" z="31.920000000000002" yaw="179.80000000000001" pitch="0.099999999999993788" roll="-0" enabled="true" rotation_enabled="false"/>
      </camera>
      <camera id="12" sensor_id="0" component_id="0" label="1_DJI_0014">
        <transform>9.7780801678368112e-01 1.0093591271230193e-01 -1.8358492268838034e-01 2.6996972874223218e+01 1.0560888008311657e-01 -9.9428171003802301e-01 1.5831788637213795e-02 2.4055426616737606e+01 -1.8093713483183577e-01 -3.4868647934757135e-02 -9.8287635571828036e-01 -6.8756566725451389e+00 0 0 0 1</transform>
        <rotation_covariance>1.3923244343844021e-09 1.0887674126356911e-09 2.4346408553959049e-11 1.0887674126356911e-09 2.5672912631384506e-09 -1.2508191362014496e-12 2.4346408553959069e-11 -1.2508191362014093e-12 3.5373065699356282e-10</rotation_covariance>
        <location_covariance>1.5421585841831340e-06 -2.3388174642195466e-07 7.8985559094522920e-06 -2.3388174642195466e-07 9.7903231344998363e-08 -1.2535161672958022e-06 7.8985559094522920e-06 -1.2535161672958022e-06 4.2262488364518343e-05</location_covariance>
        <orientation>1</orientation>
        <reference x="-83.58056603" y="31.43591443" z="30.420000000000002" yaw="179.90000000000001" pitch="0.099999999999993788" roll="-0" enabled="true" rotation_enabled="false"/>
      </camera>
      <camera id="13" sensor_id="0" component_id="0" label="1_DJI_0015">
        <transform>9.8415127550677939e-01 -2.6124572849647865e-03 -1.7731170853982711e-01 2.4401012441537318e+00 2.6860818396289769e-03 -9.9955714793666317e-01 2.9636008048909479e-02 -2.7335303467469625e+01 -1.7731060848897101e-01 -2.9642588882525966e-02 -9.8370842480971610e-01 -3.5804261377347917e+00 0 0 0 1</transform>
        <rotation_covariance>1.6695407715491341e-09 1.4137729392650155e-10 -5.1786322668419205e-10 1.4137729392650152e-10 3.1192844719935465e-09 -6.7893787813372803e-13 -5.1786322668419226e-10 -6.7893787813375388e-13 1.0930163361524991e-09</rotation_covariance>
        <location_covariance>9.5058724643440260e-07 -1.6997202658136355e-07 4.4465815574915517e-06 -1.6997202658136355e-07 1.4149493898506880e-07 -8.9034922985451409e-07 4.4465815574915517e-06 -8.9034922985451409e-07 2.3615855532949663e-05</location_covariance>
        <orientation>1</orientation>
        <reference x="-83.579670390000004" y="31.437200399999998" z="31.82" yaw="179.90000000000001" pitch="0.099999999999993788" roll="-0" enabled="true" rotation_enabled="false"/>
      </camera>
      <camera id="14" sensor_id="0" component_id="0" label="1_DJI_0016">
        <transform>9.7802982949850614e-01 9.9276707324598798e-02 -1.8330790488658219e-01 2.6822047802062187e+01 1.0382281928296433e-01 -9.9447738388776163e-01 1.5347805442185725e-02 2.5997398949663665e+01 -1.8077188610859610e-01 -3.4042155021975384e-02 -9.8293573384743760e-01 -6.7872787887226957e+00 0 0 0 1</transform>
        <rotation_covariance>1.4566995446621690e-09 1.2012144479782298e-09 1.4963645162955379e-11 1.2012144479782296e-09 2.5877855700494597e-09 1.1432520472252237e-11 1.4963645162955366e-11 1.1432520472252201e-11 3.3059987586959625e-10</rotation_covariance>
        <location_covariance>1.5921494424652485e-06 -2.4272725379570036e-07 8.1784522802183789e-06 -2.4272725379570036e-07 1.0291806667131630e-07 -1.3033807919404903e-06 8.1784522802183789e-06 -1.3033807919404903e-06 4.3902592584431409e-05</location_covariance>
        <orientation>1</orientation>
        <reference x="-83.580565469999996" y="31.435863019999999" z="30.32" yaw="179.90000000000001" pitch="0.099999999999993788" roll="-0" enabled="true" rotation_enabled="false"/>
      </camera>
      <camera id="15" sensor_id="0" component_id="0" label="1_DJI_0017">
        <transform>9.8412164055788698e-01 -5.4920900045754006e-03 -1.7741035351138459e-01 2.2683799052613920e+00 -3.7669462455357662e-04 -9.9958355085185957e-01 2.8854513815835592e-02 -2.5315859506638265e+01 -1.7749494270770830e-01 -2.8329521947432212e-02 -9.8371387277979228e-01 -3.4940276511888531e+00 0 0 0 1</transform>
        <rotation_covariance>1.1429887141541788e-09 2.1847499671555425e-10 -2.1229685068711369e-10 2.1847499671555425e-10 2.8134609787005470e-09 -1.3948341102047016e-11 -2.1229685068711374e-10 -1.3948341102046974e-11 7.9188512582787548e-10</rotation_covariance>
        <location_covariance>9.4480825301272108e-07 -1.6829972082335931e-07 4.4261155219886608e-06 -1.6829972082335931e-07 1.3326795326807758e-07 -8.7862284763738077e-07 4.4261155219886608e-06 -8.7862284763738077e-07 2.3442277659800127e-05</location_covariance>
        <orientation>1</orientation>
        <reference x="-83.579669989999999" y="31.437147029999998" z="31.920000000000002" yaw="179.80000000000001" pitch="0.099999999999993788" roll="-0" enabled="true" rotation_enabled="false"/>
      </camera>
      <camera id="16" sensor_id="0" component_id="0" label="1_DJI_0018">
        <transform>9.7866275209683562e-01 9.3147249707661431e-02 -1.8314695610396095e-01 2.6656736370505076e+01 9.7478401958517605e-02 -9.9512803930098448e-01 1.4769784987988727e-02 2.7874120840719495e+01 -1.8087890648127350e-01 -3.2307511028804026e-02 -9.8297459067936355e-01 -6.7024703054269574e+00 0 0 0 1</transform>
        <rotation_covariance>1.5636812450864342e-09 1.2929775622771473e-09 1.2768765294254694e-11 1.2929775622771473e-09 2.5844879473588220e-09 1.9088252416793080e-11 1.2768765294254759e-11 1.9088252416793067e-11 3.2646967748148317e-10</rotation_covariance>
        <location_covariance>1.6481948020574607e-06 -2.5069406235440668e-07 8.4770417923796091e-06 -2.5069406235440668e-07 1.0865825328424660e-07 -1.3464001870172201e-06 8.4770417923796091e-06 -1.3464001870172201e-06 4.5595767366546865e-05</location_covariance>
        <orientation>1</orientation>
        <reference x="-83.580564839999994" y="31.435813159999999" z="30.32" yaw="180.19999999999999" pitch="0.099999999999993788" roll="-0" enabled="true" rotation_enabled="false"/>
      </camera>
      <camera id="17" sensor_id="0" component_id="0" label="1_DJI_0019">
        <transform>9.7878922890116860e-01 9.1672158699174541e-02 -1.8321533971392595e-01 2.6605953554183628e+01 9.5894756179895735e-02 -9.9528871495017890e-01 1.4302783995418011e-02 2.8957863840191866e+01 -1.8104099293876583e-01 -3.1568801248298861e-02 -9.8296875314706289e-01 -6.7045024357920111e+00 0 0 0 1</transform>
        <rotation_covariance>1.6842670774713761e-09 1.3096075393084489e-09 1.4564788393610738e-11 1.3096075393084493e-09 2.5883129605005498e-09 2.3608629555133511e-11 1.4564788393610693e-11 2.3608629555133540e-11 3.4550010995065518e-10</rotation_covariance>
        <location_covariance>1.6290550532012363e-06 -2.4355363069320908e-07 8.3576593327298281e-06 -2.4355363069320908e-07 1.0995234713886309e-07 -1.3063701582464794e-06 8.3576593327298281e-06 -1.3063701582464794e-06 4.4930554868925510e-05</location_covariance>
        <orientation>1</orientation>
        <reference x="-83.580566160000004" y="31.43578518" z="30.420000000000002" yaw="180.19999999999999" pitch="0.099999999999993788" roll="-0" enabled="true" rotation_enabled="false"/>
      </camera>
      <camera id="18" sensor_id="0" component_id="0" label="1_DJI_0020">
        <transform>9.8421036733615730e-01 -3.6400352492429455e-03 -1.7696525922172079e-01 1.9964984006749065e+00 1.3154206795593464e-03 -9.9961049421932047e-01 2.7877042795847629e-02 -2.2274742779565454e+01 -1.7699780364869605e-01 -2.7669658291890720e-02 -9.8382222353103388e-01 -3.3208021261680440e+00 0 0 0 1</transform>
        <rotation_covariance>1.1921855335279974e-09 2.8953977068468260e-10 -2.7652568821379364e-10 2.8953977068468254e-10 2.7382247536511528e-09 -5.8774414160392527e-11 -2.7652568821379364e-10 -5.8774414160392501e-11 9.0588750596586438e-10</rotation_covariance>
        <location_covariance>9.7546408013638030e-07 -1.7389825281142842e-07 4.6148235781233543e-06 -1.7389825281142842e-07 1.3333653129245082e-07 -9.1382225035167979e-07 4.6148235781233543e-06 -9.1382225035167979e-07 2.4503480939901117e-05</location_covariance>
        <orientation>1</orientation>
        <reference x="-83.579668830000003" y="31.437067939999999" z="31.920000000000002" yaw="179.39999999999998" pitch="0.099999999999993788" roll="-0" enabled="true" rotation_enabled="false"/>
      </camera>
      <camera id="19" sensor_id="0" component_id="0" label="1_DJI_0021">
        <transform>9.8416737072352678e-01 -8.6405515350709058e-03 -1.7703086530972603e-01 1.9208032565746016e+00 -3.8478192482830314e-03 -9.9961719030518337e-01 2.7398305301658359e-02 -2.1239327106918882e+01 -1.7719983264713629e-01 -2.6283335319934601e-02 -9.8382386919320408e-01 -3.2749621700622309e+00 0 0 0 1</transform>
        <rotation_covariance>1.0821949012297058e-09 2.9169389722779140e-10 -2.0864806558458246e-10 2.9169389722779135e-10 2.6028431147646320e-09 -2.0956945826972485e-11 -2.0864806558458248e-10 -2.0956945826972494e-11 8.2457997439386919e-10</rotation_covariance>
        <location_covariance>9.7971668135809267e-07 -1.7393495288057663e-07 4.6409965971377245e-06 -1.7393495288057663e-07 1.3084580688811959e-07 -9.1108215393426146e-07 4.6409965971377245e-06 -9.1108215393426146e-07 2.4608897641613172e-05</location_covariance>
        <orientation>1</orientation>
        <reference x="-83.579669089999996" y="31.437039540000001" z="31.920000000000002" yaw="179.69999999999996" pitch="0.099999999999993788" roll="-0" enabled="true" rotation_enabled="false"/>
      </camera>
      <camera id="20" sensor_id="0" component_id="0" label="1_DJI_0022">
        <transform>9.8412597540259683e-01 -1.3013533702472282e-02 -1.7699353795679032e-01 1.8371355310808763e+00 -8.3512033090645289e-03 -9.9959889089255194e-01 2.7061314263546465e-02 -2.0226759060696764e+01 -1.7727470756195829e-01 -2.5153633275420917e-02 -9.8383991217670552e-01 -3.2323982155418269e+00 0 0 0 1</transform>
        <rotation_covariance>1.0474421740518874e-09 2.7662737399247111e-10 -1.2343062268718631e-10 2.7662737399247116e-10 2.4660150002494741e-09 2.9718535812329841e-11 -1.2343062268718636e-10 2.9718535812329841e-11 7.1387797409557964e-10</rotation_covariance>
        <location_covariance>9.7785876280223306e-07 -1.7424556458410102e-07 4.6421386221938940e-06 -1.7424556458410102e-07 1.2644252618787248e-07 -9.1091150250790916e-07 4.6421386221938940e-06 -9.1091150250790916e-07 2.4614106589923884e-05</location_covariance>
        <orientation>1</orientation>
        <reference x="-83.579669060000001" y="31.4370133" z="31.920000000000002" yaw="179.80000000000001" pitch="0.099999999999993788" roll="-0" enabled="true" rotation_enabled="false"/>
      </camera>
      <camera id="21" sensor_id="0" component_id="0" label="1_DJI_0023">
        <transform>9.8412507543678229e-01 -1.3670838968167802e-02 -1.7694898716425098e-01 1.7360426119575063e+00 -9.0240370779227450e-03 -9.9959365026694957e-01 2.7038881278853025e-02 -1.9195961341496595e+01 -1.7724672818239579e-01 -2.5012846857206360e-02 -9.8384854263282517e-01 -3.1726968747680391e+00 0 0 0 1</transform>
        <rotation_covariance>9.8684095573854045e-10 3.2892342726946528e-10 -4.5073244145732180e-11 3.2892342726946523e-10 2.4054060082545795e-09 -4.0108907377464951e-12 -4.5073244145732219e-11 -4.0108907377464838e-12 5.6766918496797886e-10</rotation_covariance>
        <location_covariance>9.9222268763918888e-07 -1.7929469482966638e-07 4.7232779751297286e-06 -1.7929469482966638e-07 1.2415887115289879e-07 -9.4221730506139109e-07 4.7232779751297286e-06 -9.4221730506139109e-07 2.5032529548547760e-05</location_covariance>
        <orientation>1</orientation>
        <reference x="-83.579668530000006" y="31.436987089999999" z="31.920000000000002" yaw="179.80000000000001" pitch="0.099999999999993788" roll="-0" enabled="true" rotation_enabled="false"/>
      </camera>
      <camera id="22" sensor_id="0" component_id="0" label="1_DJI_0024">
        <transform>-9.7388783159040915e-01 -1.1198692775459143e-01 -1.9748777048774085e-01 2.4289348989687166e+01 -1.1842181104797316e-01 9.9274039540694037e-01 2.1042385686743548e-02 2.8121140109174988e+01 1.9369761523634935e-01 4.3879782808936563e-02 -9.8007948581346782e-01 -6.2471947835516382e+00 0 0 0 1</transform>
        <rotation_covariance>3.4594510625121548e-09 -5.0187608647749343e-11 5.8060968567889987e-11 -5.0187608647749317e-11 6.1760801784994363e-10 -2.9200688552701603e-11 5.8060968567890103e-11 -2.9200688552701583e-11 2.4066412861333812e-10</rotation_covariance>
        <location_covariance>1.7144443770572149e-06 -2.6061731477374910e-07 8.5831146971153552e-06 -2.6061731477374910e-07 1.0091859091939933e-07 -1.3634421107215582e-06 8.5831146971153552e-06 -1.3634421107215582e-06 4.4807450908001150e-05</location_covariance>
        <orientation>1</orientation>
        <reference x="-83.580491359999996" y="31.435801359999999" z="30.52" yaw="0" pitch="0.099999999999993788" roll="-0" enabled="true" rotation_enabled="false"/>
      </camera>
      <camera id="23" sensor_id="0" component_id="0" label="1_DJI_0025">
        <transform>9.8413862951425957e-01 -1.3259239187329193e-02 -1.7690491930404029e-01 1.6659795915118853e+00 -8.7903717048898114e-03 -9.9962273998345652e-01 2.6021281160934162e-02 -1.7163054080981926e+01 -1.7718320254213066e-01 -2.4053487982821087e-02 -9.8388390699958839e-01 -3.1165809603237817e+00 0 0 0 1</transform>
        <rotation_covariance>9.6697199482193316e-10 3.5216634027642930e-10 -4.8931268668846909e-12 3.5216634027642941e-10 2.3780493804044365e-09 -5.7153153706738613e-11 -4.8931268668846909e-12 -5.7153153706738613e-11 5.5104032271802199e-10</rotation_covariance>
        <location_covariance>9.8356233327487897e-07 -1.7353470033318731e-07 4.6869919910168293e-06 -1.7353470033318731e-07 1.1765268145264284e-07 -9.1320873358183722e-07 4.6869919910168293e-06 -9.1320873358183722e-07 2.4804110500212006e-05</location_covariance>
        <orientation>1</orientation>
        <reference x="-83.579671059999995" y="31.436933199999999" z="32.020000000000003" yaw="179.80000000000001" pitch="0.099999999999993788" roll="-0" enabled="true" rotation_enabled="false"/>
      </camera>
      <camera id="24" sensor_id="0" component_id="0" label="1_DJI_0026">
        <transform>-9.7322835051589096e-01 -1.1639448316893453e-01 -1.9818905630724021e-01 2.4438424677632728e+01 -1.2345927929009093e-01 9.9206830830122505e-01 2.3627907683843805e-02 2.6059271439263469e+01 1.9386692371131578e-01 4.7463627676163994e-02 -9.7987898229247139e-01 -6.3137916484937593e+00 0 0 0 1</transform>
        <rotation_covariance>3.9454243708727310e-09 -1.4054901503277259e-10 6.4345127685732082e-11 -1.4054901503277256e-10 6.3132930942964621e-10 -2.6934975325109643e-11 6.4345127685732069e-11 -2.6934975325109646e-11 2.2695363278640997e-10</rotation_covariance>
        <location_covariance>1.6962453093680548e-06 -2.9511135553126700e-07 8.4400404203669916e-06 -2.9511135553126700e-07 1.0820120436529576e-07 -1.5277284690404031e-06 8.4400404203669916e-06 -1.5277284690404031e-06 4.3703335932430099e-05</location_covariance>
        <orientation>1</orientation>
        <reference x="-83.580490900000001" y="31.435855879999998" z="30.420000000000002" yaw="0.30000000000000004" pitch="0.099999999999993788" roll="-0" enabled="true" rotation_enabled="false"/>
      </camera>
      <camera id="25" sensor_id="0" component_id="0" label="1_DJI_0027">
