<?xml version="1.0" encoding="UTF-8"?>
<document version="1.5.0">
  <chunk label="Chunk 1" enabled="true">
    <sensors next_id="1">
      <sensor id="0" label="FC6310S (8.8mm)" type="frame">
        <resolution width="5472" height="3648"/>
        <property name="pixel_width" value="0.0024122807017543861"/>
        <property name="pixel_height" value="0.0024122807017543861"/>
        <property name="focal_length" value="8.8000000000000007"/>
        <property name="layer_index" value="0"/>
        <bands>
          <band label="Red"/>
          <band label="Green"/>
          <band label="Blue"/>
        </bands>
        <data_type>uint8</data_type>
        <calibration type="frame" class="adjusted">
          <resolution width="5472" height="3648"/>
          <f>3418.0567516965202</f>
          <cx>3.3589649654792311</cx>
          <cy>-1.2762224963954414</cy>
          <k1>-0.0095101674554196273</k1>
          <k2>0.0020790076202648836</k2>
          <k3>0.0036455106046139976</k3>
          <p1>0.00079901612263388508</p1>
          <p2>-0.00086057739914485113</p2>
        </calibration>
        <covariance>
          <params>f cx cy k1 k2 k3 p1 p2</params>
          <coeffs>2.8763077385057525e+01 5.7887970965123503e-01 3.8712517256686885e-01 -1.6838858721487934e-04 7.3169259103290205e-05 1.8155373207064736e-04 6.3817383252209293e-06 -8.1536962093129207e-06 5.7887970965123503e-01 1.9359674459434682e-02 8.2139995814390111e-03 -3.4091706778316014e-06 1.5315901955094956e-06 3.6075967290047636e-06 1.2456169571884913e-07 -1.6813547445319869e-07 3.8712517256686885e-01 8.2139995814390111e-03 9.5144649303964043e-03 -2.2668155404976591e-06 9.8425249589730116e-07 2.4443282900745274e-06 8.5930419389269172e-08 -1.1179121194473369e-07 -1.6838858721487934e-04 -3.4091706778316014e-06 -2.2668155404976591e-06 1.0395999826335945e-09 -5.5623527544536477e-10 -9.7349823660600765e-10 -3.7485502925203330e-11 4.7751559117986359e-11 7.3169259103290205e-05 1.5315901955094956e-06 9.8425249589730116e-07 -5.5623527544536477e-10 5.2513799757687530e-10 2.1270155249334217e-10 1.6264333269108780e-11 -2.0740751599057733e-11 1.8155373207064736e-04 3.6075967290047636e-06 2.4443282900745274e-06 -9.7349823660600765e-10 2.1270155249334217e-10 1.3359261869969799e-09 4.0352806455582782e-11 -5.1448262459309786e-11 6.3817383252209293e-06 1.2456169571884913e-07 8.5930419389269172e-08 -3.7485502925203330e-11 1.6264333269108780e-11 4.0352806455582782e-11 1.8144941844179007e-12 -1.8533484448060193e-12 -8.1536962093129207e-06 -1.6813547445319869e-07 -1.1179121194473369e-07 4.7751559117986359e-11 -2.0740751599057733e-11 -5.1448262459309786e-11 -1.8533484448060193e-12 3.1883564670826662e-12</coeffs>
        </covariance>
        <meta>
          <property name="Exif/BodySerialNumber" value="91729d101b4029bd904de8ef6494c684"/>
          <property name="Exif/Make" value="DJI"/>
          <property name="Exif/Model" value="FC6310S"/>
          <property name="Exif/Software" value="v01.08.1719"/>
        </meta>
      </sensor>
    </sensors>
    <components next_id="1" active_id="0">
      <component id="0" label="Component 1">
        <transform>
          <rotation locked="true">-9.9097916274268183e-01 1.1007602698296338e-01 -7.6443229219201020e-02 4.6230978747026407e-03 -5.4198539870392470e-01 -8.4037518678135004e-01 -1.3393627580254100e-01 -8.3314770351684564e-01 5.3658734437997291e-01</rotation>
          <translation locked="true">6.0904152914590563e+05 -5.4128454100583289e+06 3.3072983061515498e+06</translation>
          <scale locked="true">2.7854585212474636e+00</scale>
        </transform>
        <region>
          <center>-6.6430930810339097e+00 -2.6395968835666416e+01 -3.2444784619013798e+00</center>
          <size>1.3757805740581873e+02 7.0523014282166272e+01 2.2139822232266472e+01</size>
          <R>-1.1634276723148448e-01 -9.9308211405372271e-01 1.5883175359786107e-02 9.7882404640813125e-01 -1.1193119118387104e-01 1.7139105756535924e-01 -1.6842757103910683e-01 3.5486943891360229e-02 9.8507503781545414e-01</R>
        </region>
        <partition>
          <partition>
            <partition>
              <partition>
                <camera_ids>780 781 782 783 784 785 786 807 808 809 810 811 812 813 814 815 816 817 818 819 820 821 822 823 824 825 826 827 828 829 830 831 832 833 834 835 836 944 945 946 947 948 949 950 951 952 953 954 955 956 957 958 959 960 961 962 963 964 965 966 967 968 969 970 971 972 973 974</camera_ids>
              </partition>
              <partition>
                <camera_ids>155 158 193 197 199 201 204 206 207 208 210 211 215 216 217 322 326 327 329 593 594 596 597 632 634 635 636 638 640 642 643 645 649 652 653 654 757 758 759 760 761 763 764 765 768 770 771 772 773 774 775 776 777 778 779</camera_ids>
              </partition>
            </partition>
            <partition>
              <partition>
                <camera_ids>991 992 993 994 995 996 997 998 999 1000 1001 1002 1003 1004 1005 1006 1007 1008 1009 1010 1011 1012 1013 1014 1015 1016 1017 1018 1019 1020 1021 1022 1023 1024 1025 1026 1027 1028 1029 1030 1031 1032 1033 1034 1035 1036 1037 1038 1039 1040 1041 1104 1105 1106 1107 1108 1109 1110 1111 1112 1113 1114 1115 1116 1117 1118 1119 1120 1121 1122 1123 1124 1125 1126 1127 1128 1129 1130 1131 1132 1133 1134 1135 1136 1137 1138 1139 1140 1141 1142 1143 1144 1145 1146 1147 1148 1149 1150 1151 1152 1153 1154 1155 1156 1157 1158</camera_ids>
              </partition>
              <partition>
                <camera_ids>1075 1076 1077 1078 1079 1080 1081 1082 1083 1084 1085 1086 1087 1088 1089 1090 1091 1092 1093 1094 1095 1096 1097 1098 1099 1100 1101 1102 1103 1227 1228 1229 1230 1231 1232 1233 1234 1235 1236 1237 1238 1239 1240 1241 1242 1243 1244 1245 1246 1247 1248 1249 1250 1251 1252 1253 1254 1255 1256 1257</camera_ids>
              </partition>
            </partition>
          </partition>
          <partition>
            <partition>
              <partition>
                <camera_ids>4 5 6 7 8 10 11 12 13 15 17 18 19 20 22 23 26 27 28 31 34 38 39 159 160 163 166 168 173 174 175 176 177 180 182 185 186 187 191 441 442 443 449 454 456 461 464 465 469 470 472 473 475 476 477 480 481 601 602 604 605 607 609 610 611 612 618 619 621 623 624 628 629 630 787 788 789 790 791 792 793 794 795 796 797 798</camera_ids>
              </partition>
              <partition>
                <camera_ids>93 95 345 346 347 348 349 350 351 352 353 354 534 799 800 801 802 803 804 805 806 975 976 977 978 979 980 981 982 983 984 985 986 987 988 989 990 1159 1160 1161 1162 1163 1164 1165 1166 1167 1168 1169 1170 1171 1172 1173</camera_ids>
              </partition>
            </partition>
            <partition>
              <partition>
                <camera_ids>44 47 48 49 50 52 54 59 60 63 65 67 68 70 72 73 75 76 77 78 81 82 105 108 110 111 113 114 120 124 126 128 129 130 132 133 134 135 136 137 139 141 143 149 220 221 223 225 229 230 232 237 238 242 243 293 294 295 296 297 299 300 301 302 303 305 306 307 308 310 311 312 316 482 483 485 486 491 493 495 496 497 498 501 502 504 506 509 511 514 519 520 544 546 547 549 552 555 556 557 558 559 561 562 563 565 567 571 578 580 582 584 585 586 587 588 590 591 592 658 659 662 664 666 667 668 671 673 674 675 676 679 680 681 684 732 738 744 749 753 754 755</camera_ids>
              </partition>
              <partition>
                <camera_ids>837 838 839 840 841 842 843 844 845 846 847 848 849 850 851 852 853 854 855 856 857 858 859 860 861 862 863 891 892 893 894 895 896 897 898 899 900 901 902 903 904 905 906 907 908 909 910 911 912 913 914 915 916 917 918 919 920 921 922 923 924 925 926 927 928 929 930 931 932 933 934 935 936 937 938 939 940 941 942 943 1042 1043 1044 1045 1046 1047 1048 1049 1050 1051 1052 1053 1054 1055 1056 1057 1058 1059 1060 1061 1062 1063 1064 1065 1066 1067 1068 1069 1070 1071 1072 1073 1074</camera_ids>
              </partition>
              <partition>
                <camera_ids>84 85 88 89 94 96 97 99 102 245 246 247 251 256 257 258 260 263 265 266 267 268 272 278 281 283 287 288 290 523 526 527 530 531 532 533 535 538 540 541 543 688 689 690 692 693 694 695 699 701 702 704 709 710 711 713 714 715 716 717 719 720 722 724 725 726 729 731 864 865 866 867 868 869 870 871 872 873 874 875 876 877 878 879 880 881 882 883 884 885 886 887 888 889 890</camera_ids>
              </partition>
            </partition>
          </partition>
          <partition>
            <partition>
              <partition>
                <camera_ids>45 46 51 53 55 56 57 58 61 62 64 66 69 71 74 79 80 83 86 87 90 91 92 355 356 357 358 359 360 361 362 363 364 365 366 367 368 369 370 371 372 373 374 375 376 377 378 379 380 381 382 383 384 385 386 387 388 389 390 391 392 393 394 395 396 397 398 399 400 401 402 403 404 405 406 487 488 489 490 492 494 499 500 503 505 507 508 510 512 513 515 516 517 518 521 522 524 525 528 529</camera_ids>
              </partition>
              <partition>
                <camera_ids>16 21 24 25 29 30 32 33 35 36 37 40 41 42 43 146 147 148 150 151 152 153 154 156 157 161 162 164 165 167 169 170 171 172 178 179 181 183 184 188 189 190 192 194 195 196 198 200 202 203 205 457 458 459 460 462 463 466 467 468 471 474 478 479 484 589 595 598 599 600 603 606 608 613 614 615 616 617 620 622 625 626 627 631 633 637 639 641 644 646</camera_ids>
              </partition>
            </partition>
            <partition>
              <partition>
                <camera_ids>98 100 101 103 104 106 107 109 112 115 116 117 118 119 121 122 123 125 127 131 138 140 142 144 145 234 235 236 239 240 241 244 248 249 250 252 253 254 255 259 261 262 264 269 270 271 273 274 275 276 277 279 280 282 284 285 536 537 539 542 545 548 550 551 553 554 560 564 566 568 569 570 572 573 574 575 576 577 579 581 583 677 678 682 683 685 686 687 691 696 697 698 700 703 705 706 707 708 712 718 721 723</camera_ids>
              </partition>
              <partition>
                <camera_ids>209 212 213 214 218 219 222 224 226 227 228 231 233 286 289 291 292 298 304 309 313 314 315 317 318 319 320 321 323 324 325 328 330 647 648 650 651 655 656 657 660 661 663 665 669 670 672 727 728 730 733 734 735 736 737 739 740 741 742 743 745 746 747 748 750 751 752 756 762 766 767 769</camera_ids>
              </partition>
            </partition>
            <partition>
              <partition>
                <camera_ids>331 332 333 334 335 336 337 338 339 340 341 342 343 344 407 408 409 410 411 412 413 414 1174 1175 1176 1177 1178 1179 1180 1181 1182 1183 1184 1185 1186 1187 1188 1189 1190 1191 1192 1193 1194 1195 1196 1197 1198 1199 1200 1201 1202 1203 1204 1205 1206 1207 1208 1209 1210 1211 1212 1213 1214 1215 1216 1217 1218 1219 1220 1221 1222 1223 1224 1225 1226 1286 1287 1288 1289 1290 1291 1292 1293 1294 1295 1296 1297 1298 1299 1300 1301 1302 1303 1304 1305 1306 1307 1308 1309 1310 1311 1312 1313 1314 1315 1316 1317 1318 1319 1320 1321 1322 1323 1324 1325 1326 1327 1328</camera_ids>
              </partition>
              <partition>
                <camera_ids>0 1 2 3 9 14 415 416 417 418 419 420 421 422 423 424 425 426 427 428 429 430 431 432 433 434 435 436 437 438 439 444 445 446 447 448 450 451 452 453 455 1258 1259 1260 1261 1262 1263 1264 1265 1266 1267 1268 1269 1270 1271 1272 1273 1274 1275 1276 1277 1278 1279 1280 1281 1282 1283 1284 1285</camera_ids>
              </partition>
            </partition>
          </partition>
        </partition>
      </component>
    </components>
    <cameras next_id="1329" next_group_id="0">
      <camera id="0" sensor_id="0" component_id="0" label="1_DJI_0110">
        <transform>-9.8335629201078190e-01 -8.9924436209129682e-02 1.5787336296942703e-01 -1.7405258758653908e+01 -9.5885099608147326e-02 9.9492383323618605e-01 -3.0538725116634580e-02 -7.2094574097049133e+01 -1.5432579381277112e-01 -4.5168150627227004e-02 -9.8698702500740809e-01 -3.5101397481755758e-01 0 0 0 1</transform>
        <rotation_covariance>1.7464749633002231e-08 -1.3352212243325453e-10 -3.2664553902185922e-10 -1.3352212243325463e-10 2.1796493433193696e-08 -8.6827602969548196e-10 -3.2664553902185933e-10 -8.6827602969548206e-10 1.8962299757391849e-09</rotation_covariance>
        <location_covariance>9.7234817742039722e-07 -1.9419510965028416e-07 -3.3963347331664620e-06 -1.9419510965028416e-07 3.7613218099031115e-07 1.1568660792315570e-06 -3.3963347331664620e-06 1.1568660792315570e-06 2.0774694900587378e-05</location_covariance>
        <orientation>1</orientation>
        <reference x="-83.579773729999999" y="31.438017869999999" z="80.930000000000007" yaw="0.20000000000000001" pitch="0.099999999999993788" roll="-0" enabled="true" rotation_enabled="false"/>
      </camera>
      <camera id="1" sensor_id="0" component_id="0" label="1_DJI_0111">
        <transform>-9.8338396252356142e-01 -9.0489995161043779e-02 1.5737707274953763e-01 -1.7452057290193547e+01 -9.6443543514303787e-02 9.9486803278223990e-01 -3.0598043440745071e-02 -7.3176246060414059e+01 -1.5380060196846945e-01 -4.5267627768101670e-02 -9.8706444405134230e-01 -3.4908783378692482e-01 0 0 0 1</transform>
        <rotation_covariance>2.6082208502817444e-08 -1.8866346917261821e-09 2.2373133181178935e-11 -1.8866346917261821e-09 2.5108374636796950e-08 -2.0036064799140984e-09 2.2373133181180176e-11 -2.0036064799140989e-09 3.5583214562177945e-09</rotation_covariance>
        <location_covariance>1.0307015574930026e-06 -2.2939331319497051e-07 -3.3388184967851206e-06 -2.2939331319497051e-07 4.9043784260928991e-07 1.2203776054990750e-06 -3.3388184967851206e-06 1.2203776054990750e-06 2.0718182069677440e-05</location_covariance>
        <orientation>1</orientation>
        <reference x="-83.579774090000001" y="31.438045670000001" z="80.930000000000007" yaw="0.10000000000000001" pitch="0.099999999999993788" roll="-0" enabled="true" rotation_enabled="false"/>
      </camera>
      <camera id="2" sensor_id="0" component_id="0" label="1_DJI_0112">
        <transform>-9.8342137210469183e-01 -9.0617854896908892e-02 1.5706944089035352e-01 -1.7529657793543990e+01 -9.6606481943971978e-02 9.9484270877819669e-01 -3.0905864124303725e-02 -7.4275443045244018e+01 -1.5345876493095634e-01 -4.5567413408528157e-02 -9.8710385385790200e-01 -3.7898393845858386e-01 0 0 0 1</transform>
        <rotation_covariance>3.5630949846552041e-08 -1.0836807732845626e-09 1.2402232247478095e-09 -1.0836807732845626e-09 2.7125232120176638e-08 -2.2565310789186133e-09 1.2402232247478095e-09 -2.2565310789186137e-09 5.5386745252142969e-09</rotation_covariance>
        <location_covariance>1.0767858620381914e-06 -2.2963079183554761e-07 -3.2415043539153392e-06 -2.2963079183554761e-07 6.8228667950824473e-07 1.3037762672104344e-06 -3.2415043539153392e-06 1.3037762672104344e-06 2.0364858179719623e-05</location_covariance>
        <orientation>1</orientation>
        <reference x="-83.579773560000007" y="31.438072909999999" z="81.030000000000001" yaw="0" pitch="0.099999999999993788" roll="-0" enabled="true" rotation_enabled="false"/>
      </camera>
      <camera id="3" sensor_id="0" component_id="0" label="1_DJI_0113">
        <transform>-9.8314904962491401e-01 -9.4655337966965458e-02 1.5639153818537224e-01 -1.7617961983474821e+01 -1.0072844170862116e-01 9.9441969593469726e-01 -3.1356807364545602e-02 -7.5329532920956979e+01 -1.5255073665040134e-01 -4.6581491297551569e-02 -9.8719726367930960e-01 -3.6510324364194879e-01 0 0 0 1</transform>
        <rotation_covariance>5.1605661915955337e-08 3.2836347137717929e-09 2.7621928698944428e-09 3.2836347137717925e-09 3.0221338911759101e-08 -1.2857177327583909e-09 2.7621928698944424e-09 -1.2857177327583905e-09 9.3642940153865485e-09</rotation_covariance>
        <location_covariance>1.1601355715534398e-06 -2.1258558317457748e-07 -3.2562625585998844e-06 -2.1258558317457748e-07 1.1175929164062644e-06 1.5089124405665650e-06 -3.2562625585998844e-06 1.5089124405665650e-06 2.0741708657566527e-05</location_covariance>
        <orientation>1</orientation>
        <reference x="-83.579773239999994" y="31.438098660000001" z="80.829999999999998" yaw="359.89999999999998" pitch="0.099999999999993788" roll="-0" enabled="true" rotation_enabled="false"/>
      </camera>
      <camera id="4" sensor_id="0" component_id="0" label="1_DJI_0114">
        <transform>9.8397600327538570e-01 -2.3816990502970703e-02 1.7670307281306630e-01 1.4386465871981079e+01 -1.5120146653898570e-02 -9.9861456607239685e-01 -5.0401682444172424e-02 5.6962911755469490e+00 1.7765867877298597e-01 4.6922269674644024e-02 -9.8297288592575993e-01 2.5611993320450366e+00 0 0 0 1</transform>
        <rotation_covariance>1.0480044936835240e-09 6.3917566613881221e-10 3.7085152572667960e-11 6.3917566613881221e-10 2.3901167695275900e-09 5.9365491582737509e-11 3.7085152572667934e-11 5.9365491582737535e-11 2.4179946059955499e-10</rotation_covariance>
        <location_covariance>1.3418412522502126e-06 -1.8682979896557968e-07 -6.9643824218010029e-06 -1.8682979896557968e-07 9.5680150594716704e-08 1.0351209392110168e-06 -6.9643824218010029e-06 1.0351209392110168e-06 3.8533247798291806e-05</location_covariance>
        <orientation>1</orientation>
        <reference x="-83.580613409999998" y="31.436070130000001" z="77.629999999999995" yaw="179.80000000000001" pitch="0.099999999999993788" roll="-0" enabled="true" rotation_enabled="false"/>
      </camera>
      <camera id="5" sensor_id="0" component_id="0" label="1_DJI_0115">
        <transform>9.8427639226041719e-01 -1.2390391086206029e-02 1.7620006199643853e-01 1.4496428814011258e+01 -3.6299768397215584e-03 -9.9874491114686870e-01 -4.9954236320618850e-02 6.7173224132081453e+00 1.7659786778713105e-01 4.8529173359578626e-02 -9.8308601476476842e-01 2.5474241587050561e+00 0 0 0 1</transform>
        <rotation_covariance>1.0705060449258500e-09 6.4912479655982832e-10 5.5979549228552060e-11 6.4912479655982832e-10 2.3061233192671405e-09 6.7058393228999778e-11 5.5979549228552099e-11 6.7058393228999830e-11 2.3972761060248104e-10</rotation_covariance>
        <location_covariance>1.3436213612669825e-06 -1.8090343849447927e-07 -7.0247872549766203e-06 -1.8090343849447927e-07 9.5426430751886261e-08 1.0097180147850436e-06 -7.0247872549766203e-06 1.0097180147850436e-06 3.9157011301913620e-05</location_covariance>
        <orientation>1</orientation>
        <reference x="-83.580615269999996" y="31.436044729999999" z="77.530000000000001" yaw="179.59999999999997" pitch="0.099999999999993788" roll="-0" enabled="true" rotation_enabled="false"/>
      </camera>
      <camera id="6" sensor_id="0" component_id="0" label="1_DJI_0116">
        <transform>9.8415745995517701e-01 -1.8301552415872821e-02 1.7634950295859386e-01 1.4531248204776254e+01 -9.6781287579862339e-03 -9.9872046842434847e-01 -4.9636274779575829e-02 7.7037345010456484e+00 1.7703227908581495e-01 4.7143176912664342e-02 -9.8307532419050336e-01 2.5235669458983812e+00 0 0 0 1</transform>
        <rotation_covariance>1.1133928002053990e-09 7.0409597467529298e-10 6.9025524144037626e-11 7.0409597467529308e-10 2.2783601430961658e-09 7.0711827700215893e-11 6.9025524144037678e-11 7.0711827700215932e-11 2.4555505280256603e-10</rotation_covariance>
        <location_covariance>1.3686621427583340e-06 -1.7555035071266751e-07 -7.1485894393432897e-06 -1.7555035071266751e-07 9.4815222936757841e-08 9.7736031199933675e-07 -7.1485894393432897e-06 9.7736031199933675e-07 3.9767780753046626e-05</location_covariance>
        <orientation>1</orientation>
        <reference x="-83.580614990000001" y="31.436019859999998" z="77.629999999999995" yaw="180.30000000000004" pitch="0.099999999999993788" roll="-0" enabled="true" rotation_enabled="false"/>
      </camera>
      <camera id="7" sensor_id="0" component_id="0" label="1_DJI_0117">
        <transform>9.8420822179544687e-01 -1.3163654560653798e-02 1.7652448654181960e-01 1.4517095451862662e+01 -4.4901621477828188e-03 -9.9876677912583844e-01 -4.9444507869785215e-02 8.8028081986280693e+00 1.7695766328173498e-01 4.7871067600445405e-02 -9.8305358261524167e-01 2.4776898539618615e+00 0 0 0 1</transform>
        <rotation_covariance>1.1320453513036007e-09 7.1314993871527529e-10 7.0017285952594697e-11 7.1314993871527550e-10 2.2654822065247938e-09 6.4018964726940926e-11 7.0017285952594633e-11 6.4018964726940926e-11 2.3155725193642935e-10</rotation_covariance>
        <location_covariance>1.3881741382308863e-06 -1.7292331836737440e-07 -7.2454299126963994e-06 -1.7292331836737440e-07 9.4227238697648116e-08 9.5947685279318047e-07 -7.2454299126963994e-06 9.5947685279318047e-07 4.0253485899859454e-05</location_covariance>
        <orientation>1</orientation>
        <reference x="-83.580613080000006" y="31.435992089999999" z="77.730000000000004" yaw="180.30000000000004" pitch="0.099999999999993788" roll="-0" enabled="true" rotation_enabled="false"/>
      </camera>
      <camera id="8" sensor_id="0" component_id="0" label="1_DJI_0118">
        <transform>9.8423195138681585e-01 -6.4998006318573646e-04 1.7688143880921531e-01 1.4551344109986182e+01 8.1862400911335322e-03 -9.9875435008838276e-01 -4.9221272359648099e-02 9.8247485287273957e+00 1.7669309930631430e-01 4.9893142870035767e-02 -9.8300062205070804e-01 2.3954341903505685e+00 0 0 0 1</transform>
        <rotation_covariance>1.1486378107468742e-09 7.5359389735900357e-10 6.8001504100000126e-11 7.5359389735900357e-10 2.2885145579499384e-09 6.4582241167116946e-11 6.8001504100000178e-11 6.4582241167116959e-11 2.1998624916859229e-10</rotation_covariance>
        <location_covariance>1.3806236331995358e-06 -1.6629134176898284e-07 -7.1842340480211339e-06 -1.6629134176898284e-07 9.2932170044617959e-08 9.2067073639804373e-07 -7.1842340480211339e-06 9.2067073639804373e-07 3.9807067309479395e-05</location_covariance>
        <orientation>1</orientation>
        <reference x="-83.580612759999994" y="31.435966860000001" z="77.730000000000004" yaw="179.80000000000001" pitch="0.099999999999993788" roll="-0" enabled="true" rotation_enabled="false"/>
      </camera>
      <camera id="9" sensor_id="0" component_id="0" label="1_DJI_0119">
        <transform>9.8371901018249241e-01 2.2380427197290501e-02 1.7831440066367132e-01 -1.9967653279291760e+01 3.0101314752440482e-02 -9.9871740456233538e-01 -4.0711873875406528e-02 -6.9729396657303340e+01 1.7717454629757642e-01 4.5416542170659546e-02 -9.8313097695144802e-01 -9.2155513803658218e-01 0 0 0 1</transform>
        <rotation_covariance>7.0039147557413285e-08 6.1230612701679423e-09 -4.2460957782578103e-09 6.1230612701679431e-09 7.4761791804460146e-08 -3.5371660729475780e-10 -4.2460957782578136e-09 -3.5371660729475646e-10 6.1717929490555301e-09</rotation_covariance>
        <location_covariance>1.3482455507984221e-06 -3.7612634659380285e-08 -2.7837302649974959e-06 -3.7612634659380285e-08 8.6857921035921535e-07 6.5074946867118642e-07 -2.7837302649974959e-06 6.5074946867118642e-07 2.0361353369274546e-05</location_covariance>
        <orientation>1</orientation>
        <reference x="-83.579695909999998" y="31.437958900000002" z="80.829999999999998" yaw="180.30000000000004" pitch="0.099999999999993788" roll="-0" enabled="true" rotation_enabled="false"/>
      </camera>
      <camera id="10" sensor_id="0" component_id="0" label="1_DJI_0120">
        <transform>9.8410829922683241e-01 2.3169230111548117e-03 1.7755418119726851e-01 1.4689717450186871e+01 1.1206764551892619e-02 -9.9873188687108283e-01 -4.9081835491390613e-02 1.1884384361155835e+01 1.7721530357491855e-01 5.0291649552245521e-02 -9.8288630378297737e-01 2.2606132217097468e+00 0 0 0 1</transform>
        <rotation_covariance>1.2537270621846362e-09 8.4678686753305081e-10 6.0911137465222742e-11 8.4678686753305071e-10 2.3543597025327696e-09 6.1867034488997560e-11 6.0911137465222742e-11 6.1867034488997547e-11 2.0226489493226331e-10</rotation_covariance>
        <location_covariance>1.3844845377433027e-06 -1.5699224196226573e-07 -7.1448705369461526e-06 -1.5699224196226573e-07 9.2985170909542777e-08 8.6408019400338311e-07 -7.1448705369461526e-06 8.6408019400338311e-07 3.9326177466533191e-05</location_covariance>
        <orientation>1</orientation>
        <reference x="-83.58061361" y="31.435915250000001" z="77.629999999999995" yaw="180.19999999999999" pitch="0.099999999999993788" roll="-0" enabled="true" rotation_enabled="false"/>
      </camera>
      <camera id="11" sensor_id="0" component_id="0" label="1_DJI_0121">
        <transform>9.8405581843961731e-01 1.6166178489853598e-02 1.7712368804925430e-01 1.4799459852734874e+01 2.5121756245128125e-02 -9.9851032940844808e-01 -4.8435724705975014e-02 1.2866083946236362e+01 1.7607681152921792e-01 5.2113114833665541e-02 -9.8299602222187921e-01 2.2970969174937417e+00 0 0 0 1</transform>
        <rotation_covariance>1.3238549537347211e-09 8.8893890589643508e-10 5.8540933323722123e-11 8.8893890589643519e-10 2.3307252066623405e-09 5.9477155848599553e-11 5.8540933323722149e-11 5.9477155848599527e-11 1.9755085816497900e-10</rotation_covariance>
        <location_covariance>1.4228448083191085e-06 -1.5140469903882798e-07 -7.3891510008197437e-06 -1.5140469903882798e-07 9.4107975490255814e-08 8.4063712505485972e-07 -7.3891510008197437e-06 8.4063712505485972e-07 4.0944175123306752e-05</location_covariance>
        <orientation>1</orientation>
        <reference x="-83.580615289999997" y="31.43588943" z="77.530000000000001" yaw="179.49999999999997" pitch="0.099999999999993788" roll="-0" enabled="true" rotation_enabled="false"/>
      </camera>
      <camera id="12" sensor_id="0" component_id="0" label="1_DJI_0122">
        <transform>9.8422054928471336e-01 6.1042691855811779e-03 1.7684074265679742e-01 1.4840314849230937e+01 1.4947257469742122e-02 -9.9870079781077026e-01 -4.8716485364448447e-02 1.3874428176336030e+01 1.7631361223635258e-01 5.0591050096249368e-02 -9.8303308987557914e-01 2.3323468092410127e+00 0 0 0 1</transform>
        <rotation_covariance>1.3662995349146732e-09 9.1390941931340111e-10 5.3336790895852645e-11 9.1390941931340111e-10 2.2824998581238639e-09 6.1828309835072466e-11 5.3336790895852645e-11 6.1828309835072440e-11 1.9354575216960095e-10</rotation_covariance>
        <location_covariance>1.4783610159348841e-06 -1.5744848073160723e-07 -7.7028449825740114e-06 -1.5744848073160723e-07 9.7634571591276358e-08 8.7795325645852938e-07 -7.7028449825740114e-06 8.7795325645852938e-07 4.2818947159603219e-05</location_covariance>
        <orientation>1</orientation>
        <reference x="-83.580615080000001" y="31.435863650000002" z="77.629999999999995" yaw="180.40000000000003" pitch="0.099999999999993788" roll="-0" enabled="true" rotation_enabled="false"/>
      </camera>
      <camera id="13" sensor_id="0" component_id="0" label="1_DJI_0123">
        <transform>9.8413409758920434e-01 9.5646185177622241e-03 1.7716827039538499e-01 1.4891192329973705e+01 1.8556327346016661e-02 -9.9861826881185689e-01 -4.9165190029508768e-02 1.4857777080371038e+01 1.7645322518364473e-01 5.1672732343276476e-02 -9.8295177300540537e-01 2.3091204903991795e+00 0 0 0 1</transform>
        <rotation_covariance>1.3937951148041161e-09 9.5584035980372930e-10 5.3818955708741815e-11 9.5584035980372930e-10 2.3274798818659770e-09 6.7376037702563848e-11 5.3818955708741848e-11 6.7376037702563783e-11 1.9178428377329363e-10</rotation_covariance>
        <location_covariance>1.5110067386035484e-06 -1.6478451500233560e-07 -7.8461466902258849e-06 -1.6478451500233560e-07 1.0206972248416860e-07 9.1853125082364884e-07 -7.8461466902258849e-06 9.1853125082364884e-07 4.3482090610054895e-05</location_covariance>
        <orientation>1</orientation>
        <reference x="-83.580615039999998" y="31.43583864" z="77.629999999999995" yaw="180.40000000000003" pitch="0.099999999999993788" roll="-0" enabled="true" rotation_enabled="false"/>
      </camera>
      <camera id="14" sensor_id="0" label="1_DJI_0124" enabled="false">
        <orientation>1</orientation>
        <reference x="-83.579694849999996" y="31.437824429999999" z="80.930000000000007" yaw="180.40000000000003" pitch="0.099999999999993788" roll="-0" enabled="true" rotation_enabled="false"/>
      </camera>
      <camera id="15" sensor_id="0" component_id="0" label="1_DJI_0125">
        <transform>9.8369591938414724e-01 2.5619257950207988e-02 1.7800559488133566e-01 1.4953538742972940e+01 3.4863223612285187e-02 -9.9819023834593090e-01 -4.8997997002466542e-02 1.6925346653013406e+01 1.7642815485725993e-01 5.4404978567909046e-02 -9.8280883414868003e-01 2.2007222565670519e+00 0 0 0 1</transform>
        <rotation_covariance>1.5736290876762552e-09 1.0604980631797969e-09 6.3186967412436212e-11 1.0604980631797975e-09 2.4890538796566151e-09 6.6952860602806148e-11 6.3186967412436277e-11 6.6952860602806109e-11 2.0549663569503568e-10</rotation_covariance>
        <location_covariance>1.5502480791359687e-06 -1.6119405946765831e-07 -7.9736514561012184e-06 -1.6119405946765831e-07 1.0894365947237067e-07 8.9375707526302094e-07 -7.9736514561012184e-06 8.9375707526302094e-07 4.3863986809492427e-05</location_covariance>
        <orientation>1</orientation>
        <reference x="-83.580613839999998" y="31.435786610000001" z="77.629999999999995" yaw="179.59999999999997" pitch="0.099999999999993788" roll="-0" enabled="true" rotation_enabled="false"/>
      </camera>
      <camera id="16" sensor_id="0" component_id="0" label="1_DJI_0126">
        <transform>9.8341565092941807e-01 -2.4567026035255828e-02 1.7969451504943498e-01 -1.9507712783841860e+01 -1.7447409500492093e-02 -9.9900291360299009e-01 -4.1094604444609918e-02 -6.2206214084937628e+01 1.8052491631016115e-01 3.7277873390523207e-02 -9.8286373152471607e-01 -1.0323087864120095e+00 0 0 0 1</transform>
        <rotation_covariance>1.4790770693525988e-08 2.6905132161245807e-10 4.5771919102280785e-10 2.6905132161245802e-10 1.0686308704486002e-08 1.1334522879961696e-09 4.5771919102280811e-10 1.1334522879961696e-09 2.4412223424415155e-09</rotation_covariance>
        <location_covariance>8.0474767439846784e-07 -1.4521274284667342e-07 -3.3127508601831983e-06 -1.4521274284667342e-07 2.6923354570987849e-07 8.2953186576087681e-07 -3.3127508601831983e-06 8.2953186576087681e-07 1.9439191795782521e-05</location_covariance>
        <orientation>1</orientation>
        <reference x="-83.579694930000002" y="31.437769620000001" z="80.930000000000007" yaw="179.90000000000001" pitch="0.099999999999993788" roll="-0" enabled="true" rotation_enabled="false"/>
      </camera>
      <camera id="17" sensor_id="0" component_id="0" label="1_DJI_0127">
        <transform>9.8363154798998353e-01 2.7151060437054314e-02 1.7813421264869805e-01 1.5099737887043098e+01 3.6287447475774358e-02 -9.9817674446785953e-01 -4.8232851452497283e-02 1.8975912105189298e+01 1.7649985539518451e-01 5.3907390223318696e-02 -9.8282337900804462e-01 2.0947612569123266e+00 0 0 0 1</transform>
        <rotation_covariance>2.0218590542553843e-09 1.1731415369775933e-09 1.0955598806234452e-10 1.1731415369775931e-09 2.6487607096354106e-09 6.1980960759621528e-11 1.0955598806234453e-10 6.1980960759621593e-11 2.6628899131780575e-10</rotation_covariance>
        <location_covariance>1.5660934847870850e-06 -1.4363216893084000e-07 -8.0094540696024567e-06 -1.4363216893084000e-07 1.1987138324094552e-07 7.9734264575814592e-07 -8.0094540696024567e-06 7.9734264575814592e-07 4.4076391330490442e-05</location_covariance>
        <orientation>1</orientation>
        <reference x="-83.580613909999997" y="31.435735180000002" z="77.629999999999995" yaw="179.80000000000001" pitch="0.099999999999993788" roll="-0" enabled="true" rotation_enabled="false"/>
      </camera>
      <camera id="18" sensor_id="0" component_id="0" label="1_DJI_0128">
        <transform>-9.1517866311170493e-01 -3.7213518074678137e-01 1.5480123331431567e-01 1.2567774538861386e+01 -3.8238033331323501e-01 9.2306794644956836e-01 -4.1603448566639167e-02 1.9454940395769178e+01 -1.2740994969127015e-01 -9.7267535632081015e-02 -9.8706926364451741e-01 1.6351358609407354e+00 0 0 0 1</transform>
        <rotation_covariance>2.4924795979975971e-09 5.3117006967000057e-10 -9.8941031220233068e-12 5.3117006967000037e-10 1.2424179198840013e-09 1.1315630310181321e-11 -9.8941031220232195e-12 1.1315630310181330e-11 1.8054652465686518e-10</rotation_covariance>
        <location_covariance>1.4621107835299354e-06 -1.7301161939952488e-07 -7.7296105871639255e-06 -1.7301161939952488e-07 1.1669244955533640e-07 9.7775266664915865e-07 -7.7296105871639255e-06 9.7775266664915865e-07 4.3613775745156585e-05</location_covariance>
        <orientation>1</orientation>
        <reference x="-83.580536089999995" y="31.435727270000001" z="77.530000000000001" yaw="339.5" pitch="0.099999999999993788" roll="-0" enabled="true" rotation_enabled="false"/>
      </camera>
      <camera id="19" sensor_id="0" component_id="0" label="1_DJI_0129">
        <transform>-9.8692134274400423e-01 -4.4121266931989603e-02 1.5504701558136494e-01 1.2685775001840696e+01 -5.0330006254472821e-02 9.9807100764459489e-01 -3.6347684516726098e-02 1.8327209468162891e+01 -1.5314422518265794e-01 -4.3675822872830505e-02 -9.8723820265910722e-01 1.6664349975106256e+00 0 0 0 1</transform>
        <rotation_covariance>3.2117496541868256e-09 8.5855980248470122e-11 7.8011678683587199e-12 8.5855980248470122e-11 9.4988878651719936e-10 -2.4001188022272454e-12 7.8011678683587490e-12 -2.4001188022272502e-12 1.6252471991376576e-10</rotation_covariance>
        <location_covariance>1.3791697705104601e-06 -1.4642939822841269e-07 -7.3994050131400494e-06 -1.4642939822841269e-07 1.0411431283218692e-07 8.4035625411869479e-07 -7.3994050131400494e-06 8.4035625411869479e-07 4.2367489921738502e-05</location_covariance>
        <orientation>1</orientation>
        <reference x="-83.580540799999994" y="31.435755159999999" z="77.730000000000004" yaw="358.90000000000003" pitch="0.099999999999993788" roll="-0" enabled="true" rotation_enabled="false"/>
      </camera>
      <camera id="20" sensor_id="0" component_id="0" label="1_DJI_0130">
        <transform>-9.8765996592732441e-01 -2.5518751669884335e-02 1.5452050031515766e-01 1.2598490598716456e+01 -3.1324856541416098e-02 9.9888722440213318e-01 -3.5257145217131136e-02 1.7214697970437971e+01 -1.5344883533965176e-01 -3.9662403348926678e-02 -9.8736029325342611e-01 1.6701550641564027e+00 0 0 0 1</transform>
        <rotation_covariance>3.2618440699984438e-09 3.3231150132330121e-12 1.2568691218824003e-11 3.3231150132330226e-12 9.3547361890706122e-10 -9.6271277941468146e-12 1.2568691218824006e-11 -9.6271277941468097e-12 1.5493563556011954e-10</rotation_covariance>
        <location_covariance>1.3222944861303843e-06 -1.3055283316598068e-07 -7.1499178910823635e-06 -1.3055283316598068e-07 9.6017232830579187e-08 7.5598196760188738e-07 -7.1499178910823635e-06 7.5598196760188738e-07 4.1251318240277909e-05</location_covariance>
        <orientation>1</orientation>
        <reference x="-83.580539540000004" y="31.435782960000001" z="77.629999999999995" yaw="359.80000000000001" pitch="0.099999999999993788" roll="-0" enabled="true" rotation_enabled="false"/>
      </camera>
      <camera id="21" sensor_id="0" component_id="0" label="1_DJI_0131">
        <transform>9.8222258317915556e-01 -5.7279281162228947e-02 1.7876767337078969e-01 -1.9149506250219105e+01 -5.0595377171094878e-02 -9.9784702504331801e-01 -4.1730353714232060e-02 -5.6910049155848952e+01 1.8077307571035478e-01 3.1943677961979056e-02 -9.8300594939017538e-01 -1.0145492010620600e+00 0 0 0 1</transform>
        <rotation_covariance>4.1887052019681942e-09 -1.8914502075308226e-11 4.2519922971903918e-10 -1.8914502075308249e-11 8.1455311757994829e-09 1.5220519416141426e-10 4.2519922971903924e-10 1.5220519416141428e-10 8.7671891375953191e-10</rotation_covariance>
        <location_covariance>8.0437217399962100e-07 -1.2957853550177301e-07 -3.5842997338003381e-06 -1.2957853550177301e-07 1.8148042777429904e-07 7.5016384901161438e-07 -3.5842997338003381e-06 7.5016384901161438e-07 2.0885526637491250e-05</location_covariance>
        <orientation>1</orientation>
        <reference x="-83.579696889999994" y="31.43763641" z="81.030000000000001" yaw="179.29999999999998" pitch="0.099999999999993788" roll="-0" enabled="true" rotation_enabled="false"/>
      </camera>
      <camera id="22" sensor_id="0" component_id="0" label="1_DJI_0132">
        <transform>-9.8791705213751402e-01 -2.0794553833407010e-02 1.5358217548528949e-01 1.2480270729103573e+01 -2.6292745096735480e-02 9.9908082370958096e-01 -3.3855564550942963e-02 1.5091845120154938e+01 -1.5273699503133747e-01 -3.7484586521055796e-02 -9.8755572810963055e-01 1.7498484360138498e+00 0 0 0 1</transform>
        <rotation_covariance>3.2629869257792161e-09 -8.7992683230773351e-11 2.0080083520092679e-11 -8.7992683230773325e-11 9.4921248597932216e-10 -1.2209564982762907e-11 2.0080083520092727e-11 -1.2209564982762900e-11 1.4751682647597377e-10</rotation_covariance>
        <location_covariance>1.2675456645927517e-06 -1.1230970465983679e-07 -6.9342245296283942e-06 -1.1230970465983679e-07 8.6216261821606067e-08 6.5732145916488869e-07 -6.9342245296283942e-06 6.5732145916488869e-07 4.0430827227498548e-05</location_covariance>
        <orientation>1</orientation>
        <reference x="-83.580538340000004" y="31.43583593" z="77.530000000000001" yaw="359.80000000000001" pitch="0.099999999999993788" roll="-0" enabled="true" rotation_enabled="false"/>
      </camera>
      <camera id="23" sensor_id="0" component_id="0" label="1_DJI_0133">
        <transform>-9.8812074897616298e-01 -1.0670099947306347e-02 1.5330862470813944e-01 1.2443688701340751e+01 -1.5952809162009536e-02 9.9931909973951916e-01 -3.3269276752536159e-02 1.4111092064495558e+01 -1.5284925031751756e-01 -3.5319765895470312e-02 -9.8761815536899800e-01 1.8047799733980046e+00 0 0 0 1</transform>
        <rotation_covariance>3.2857231225330925e-09 -1.7921058986034819e-10 2.8624322007664398e-11 -1.7921058986034827e-10 1.0213009522108243e-09 -3.1038119333400285e-12 2.8624322007664337e-11 -3.1038119333400212e-12 1.5913345375027375e-10</rotation_covariance>
        <location_covariance>1.2555212357353285e-06 -1.0777743782759359e-07 -6.8939837086242236e-06 -1.0777743782759359e-07 8.3583737034183525e-08 6.3137406807961036e-07 -6.8939837086242236e-06 6.3137406807961036e-07 4.0363579086722449e-05</location_covariance>
        <orientation>1</orientation>
        <reference x="-83.580539150000007" y="31.435860300000002" z="77.530000000000001" yaw="0.20000000000000001" pitch="0.099999999999993788" roll="-0" enabled="true" rotation_enabled="false"/>
      </camera>
      <camera id="24" sensor_id="0" component_id="0" label="1_DJI_0134">
        <transform>9.8047784083834633e-01 -8.1265810944428765e-02 1.7905047220411990e-01 -1.8966995253968353e+01 -7.4701497843353781e-02 -9.9627343717735739e-01 -4.3115247822238967e-02 -5.3697641800687038e+01 1.8188702494937176e-01 2.8898206628751255e-02 -9.8289470636925746e-01 -1.1342978185365105e+00 0 0 0 1</transform>
        <rotation_covariance>3.2714928801169280e-09 -1.1810534220869855e-10 3.8668811807948182e-10 -1.1810534220869858e-10 7.6652331945614705e-09 9.2050566408987109e-11 3.8668811807948187e-10 9.2050566408987135e-11 7.0342445550132473e-10</rotation_covariance>
        <location_covariance>7.8508930325865957e-07 -1.2200455889257195e-07 -3.5058218931293390e-06 -1.2200455889257195e-07 1.7203789764315248e-07 7.1649404207019863e-07 -3.5058218931293390e-06 7.1649404207019863e-07 2.0245658254371113e-05</location_covariance>
        <orientation>1</orientation>
        <reference x="-83.579696389999995" y="31.437555790000001" z="80.930000000000007" yaw="179.19999999999999" pitch="0.099999999999993788" roll="-0" enabled="true" rotation_enabled="false"/>
      </camera>
      <camera id="25" sensor_id="0" component_id="0" label="1_DJI_0135">
