<?xml version="1.0" encoding="UTF-8"?>
<document version="1.5.0">
  <chunk label="Chunk 1" enabled="true">
    <sensors next_id="1">
      <sensor id="0" label="FC6310S (8.8mm)" type="frame">
        <resolution width="5472" height="3648"/>
        <property name="pixel_width" value="0.0024122807017543861"/>
        <property name="pixel_height" value="0.0024122807017543861"/>
        <property name="focal_length" value="8.8000000000000007"/>
        <property name="layer_index" value="0"/>
        <bands>
          <band label="Red"/>
          <band label="Green"/>
          <band label="Blue"/>
        </bands>
        <data_type>uint8</data_type>
        <calibration type="frame" class="adjusted">
          <resolution width="5472" height="3648"/>
          <f>3189.6309522644119</f>
          <cx>-3.8370637436014281</cx>
          <cy>-3.4670693677710149</cy>
          <k1>-0.0085557864609222042</k1>
          <k2>0.002004059607881371</k2>
          <k3>0.002132007127034079</k3>
          <p1>0.00076098946978342137</p1>
          <p2>-0.00074687501536143818</p2>
        </calibration>
        <covariance>
          <params>f cx cy k1 k2 k3 p1 p2</params>
          <coeffs>3.9010912932353058e+01 7.0317726635154731e-01 4.5053190900191797e-01 -2.2058805594744941e-04 1.0287560415812721e-04 1.5325727232984689e-04 9.1180977324202552e-06 -1.0245684710515128e-05 7.0317726635154731e-01 2.8935128008448059e-02 8.5138607760577977e-03 -4.0002049128796482e-06 1.9227304367823557e-06 2.7170278468316140e-06 1.5528153997723093e-07 -1.8875576800139774e-07 4.5053190900191797e-01 8.5138607760577977e-03 1.2710001428355818e-02 -2.5432041345467488e-06 1.1727787102551116e-06 1.7820290539549270e-06 1.0468638998738593e-07 -1.2467716624254041e-07 -2.2058805594744941e-04 -4.0002049128796482e-06 -2.5432041345467488e-06 1.3071474456880925e-09 -7.0252536410768903e-10 -7.9438467478543249e-10 -5.1798603199216285e-11 5.7955717270897982e-11 1.0287560415812721e-04 1.9227304367823557e-06 1.1727787102551116e-06 -7.0252536410768903e-10 5.4321101410189010e-10 2.3297291591500133e-10 2.4014000783699429e-11 -2.6978895820970705e-11 1.5325727232984689e-04 2.7170278468316140e-06 1.7820290539549270e-06 -7.9438467478543249e-10 2.3297291591500133e-10 7.1402455241053457e-10 3.5923661309230257e-11 -4.0237894541101833e-11 9.1180977324202552e-06 1.5528153997723093e-07 1.0468638998738593e-07 -5.1798603199216285e-11 2.4014000783699429e-11 3.5923661309230257e-11 2.6643730118062007e-12 -2.4934399735968839e-12 -1.0245684710515128e-05 -1.8875576800139774e-07 -1.2467716624254041e-07 5.7955717270897982e-11 -2.6978895820970705e-11 -4.0237894541101833e-11 -2.4934399735968839e-12 4.1069801864558190e-12</coeffs>
        </covariance>
        <meta>
          <property name="Exif/BodySerialNumber" value="91729d101b4029bd904de8ef6494c684"/>
          <property name="Exif/Make" value="DJI"/>
          <property name="Exif/Model" value="FC6310S"/>
          <property name="Exif/Software" value="v01.08.1719"/>
        </meta>
      </sensor>
    </sensors>
    <components next_id="1" active_id="0">
      <component id="0" label="Component 1">
        <transform>
          <rotation locked="true">9.9675651533423593e-01 -7.0889309502205289e-02 3.8094027577177468e-02 6.8979163022737724e-02 5.0875496434000556e-01 -8.5814349693281611e-01 4.1452674309781050e-02 8.5798781579792882e-01 5.1199471065125968e-01</rotation>
          <translation locked="true">6.0902366644747404e+05 -5.4128721794038089e+06 3.3072558646168653e+06</translation>
          <scale locked="true">3.1264769991129557e+00</scale>
        </transform>
        <region>
          <center>1.1546704162045909e+01 3.9805973838943039e+01 -3.4054720062972934e+00</center>
          <size>1.2216934633179700e+02 6.4532841045895410e+01 1.9729452815893620e+01</size>
          <R>-1.0350932835561201e-01 -9.9450962009771315e-01 1.5376425998022858e-02 9.9292236643517151e-01 -1.0422452809570290e-01 -5.6942268799261765e-02 5.8232234854498105e-02 9.3735412908158271e-03 9.9825905633133127e-01</R>
        </region>
        <partition>
          <camera_ids>54 178 179 180 363 994 995 1176</camera_ids>
          <partition>
            <partition>
              <partition>
                <camera_ids>0 1 2 3 4 5 8 12 17 20 21 23 26 27 29 32 34 35 37 39 40 42 44 46 47 50 58 59 60 176 177 182 184 185 187 190 191 193 194 196 199 202 203 209 213 215 217 219 220 222 223 224 226 228 229 232 314 315 317 318 319 321 322 323 324 326 327 330 332 333 336 338 339 341 344 346 349 351 353 356 357 365 369 370 526 527 528 529 530 531 532 533 1173 1174 1177 1178 1179 1180 1182 1185 1187 1188 1191 1194 1196 1197 1199 1200 1203 1204 1205 1206 1207 1209 1210 1211 1213 1215 1217 1220 1224 1226 1229 1230 1232</camera_ids>
              </partition>
              <partition>
                <camera_ids>534 535 536 537 538 539 540 711 712 713 714 715 716 717 718 719 720 721 722 723 724 725 896 897 898 899 900 901 902 903 904 905 906 907 908 909 910 911 912 913 1074 1075 1076 1077 1078 1079 1080 1081 1082 1083 1084 1085</camera_ids>
              </partition>
            </partition>
            <partition>
              <partition>
                <camera_ids>726 727 728 729 730 731 732 733 734 735 736 737 738 739 740 741 742 743 744 745 746 747 748 749 750 751 752 753 866 867 868 869 870 871 872 873 874 875 876 877 878 879 880 881 882 883 884 885 886 887 888 889 890 891 892 893 894 895</camera_ids>
              </partition>
              <partition>
                <camera_ids>914 915 916 917 918 919 920 921 922 923 924 925 926 927 928 929 930 931 932 933 934 935 936 937 938 939 940 941 942 943 944 945 946 947 948 1039 1040 1041 1042 1043 1044 1045 1046 1047 1048 1049 1050 1051 1052 1053 1054 1055 1056 1057 1058 1059 1060 1061 1062 1063 1064 1065 1066 1067 1068 1069 1070 1071 1072 1073</camera_ids>
              </partition>
              <partition>
                <camera_ids>51 52 53 55 56 362 512 513 514 515 516 517 518 519 520 521 522 523 524 525 541 542 543 544 545 546 547 548 549 550 551 552 553 554 555 692 693 694 695 696 697 698 699 700 701 702 703 704 705 706 707 708 709 710</camera_ids>
              </partition>
            </partition>
          </partition>
          <partition>
            <partition>
              <partition>
                <camera_ids>556 557 558 559 560 561 562 563 564 565 566 567 568 569 570 571 572 573 574 575 576 577 578 579 580 581 582 583 584 585 586 587 588 589 590 660 661 662 663 664 665 666 667 668 669 670 671 672 673 674 675 676 677 678 679 680 681 682 683 684 685 686 687 688 689 690 691</camera_ids>
              </partition>
              <partition>
                <camera_ids>754 755 756 757 758 759 760 761 762 763 764 765 766 767 768 769 770 771 772 773 774 775 776 810 811 812 813 814 815 816 817 818 819 820 821 822 823 824 825 826 827 828 829 830 831 832 833 834 835 836 837 838 839 840 841 842 843 844 845 846 847 848 849 850 851 852 853 854 855 856 857 858 859 860 861 862 863 864 865 965 966 967 968 969 970 971 972 973 974 975 976 977 978 979 980 981 982 983 984 985 986 987 988 989 990 991 992 993</camera_ids>
              </partition>
              <partition>
                <camera_ids>65 68 70 72 74 77 79 80 81 83 87 88 90 91 94 96 98 99 101 103 105 106 163 166 167 168 171 172 234 236 246 248 250 251 252 253 255 256 257 287 288 290 291 292 293 295 298 299 300 301 303 304 371 372 374 375 377 379 381 383 384 386 390 392 393 394 397 400 401 403 405 408 410 412 415 468 469 470 472 473 477 478 481 482 483 484 485 486 487 488 489 490 491 492 493 494 495 496 497 498 499 500 501 502 503 504 505 506 507 508 509 510 511 1234 1236 1237 1238 1239 1240 1241 1242 1243 1244 1246 1248 1253 1283 1284 1285 1288 1293 1295 1296 1301 1304 1305 1306</camera_ids>
              </partition>
              <partition>
                <camera_ids>626 627 628 629 630 631 632 633 634 635 636 637 638 639 640 641 642 643 644 645 646 647 648 649 650 651 652 653 654 655 656 657 658 659 777 778 779 780 781 782 783 784 785 786 787 788 789 790 791 792 793 794 795 796 797 798 799 800 801 802 803 804 805 806 807 808 809</camera_ids>
              </partition>
            </partition>
            <partition>
              <partition>
                <camera_ids>111 112 113 114 115 116 122 124 126 130 133 138 258 260 264 266 267 269 271 273 275 276 277 279 281 283 416 417 418 425 426 427 428 429 431 433 435 436 437 439 440 442 443 444 445 447 1258 1260 1261 1262 1264 1267 1269 1271 1273 1277 1279 1281</camera_ids>
              </partition>
              <partition>
                <camera_ids>140 141 142 143 144 145 146 147 148 149 152 154 155 156 157 158 159 458 459 461 591 592 593 594 595 596 597 598 599 600 601 602 603 604 605 606 607 608 609 610 611 612 613 614 615 616 617 618 619 620 621 622 623 624 625</camera_ids>
              </partition>
            </partition>
          </partition>
          <partition>
            <partition>
              <partition>
                <camera_ids>6 7 9 102 104 107 108 109 110 214 216 218 221 225 227 230 307 308 309 310 311 312 313 316 411 413 414 419 420 1127 1128 1129 1130 1131 1132 1133 1134 1135 1136 1137 1138 1139 1140 1141 1142 1214 1216 1218 1219 1221 1222 1223 1225 1227 1228</camera_ids>
              </partition>
              <partition>
                <camera_ids>117 118 119 120 121 123 125 231 233 235 237 238 239 240 241 242 243 244 245 247 249 254 259 261 262 263 265 268 270 272 274 278 280 282 284 285 286 289 294 296 297 302 305 306 421 422 423 424 430 432 434 1086 1087 1088 1089 1090 1091 1092 1093 1094 1095 1096 1097 1098 1099 1100 1101 1102 1103 1104 1105 1106 1107 1108 1109 1110 1111 1112 1113 1114 1115 1116 1117 1118 1119 1120 1121 1122 1123 1124 1125 1126 1231 1233 1235 1245 1247 1249 1250 1251 1252 1254 1255 1256 1257 1259 1263 1265 1266 1268 1270 1272 1274 1275 1276 1278 1280 1282 1286 1287 1289 1290 1291 1292 1294 1297 1298 1299 1300 1302 1303</camera_ids>
              </partition>
              <partition>
                <camera_ids>10 11 13 14 15 16 18 19 64 66 67 69 71 73 75 76 78 82 84 85 86 89 92 93 95 97 100 127 128 129 131 132 134 135 136 137 139 150 151 153 160 161 162 164 165 169 170 173 320 325 328 373 376 378 380 382 385 387 388 389 391 395 396 398 399 402 404 406 407 409 438 441 446 448 449 450 451 452 453 454 455 456 457 460 462 463 464 465 466 467 471 474 475 476 479 480</camera_ids>
              </partition>
            </partition>
            <partition>
              <partition>
                <camera_ids>174 175 949 950 951 952 953 954 955 956 957 958 959 960 961 962 963 964 996 997 998 999 1000 1001 1002 1003 1004 1005 1006 1007 1008 1009 1010 1011 1012 1013 1014 1015 1016 1017 1018 1019 1020 1021 1022 1023 1024 1025 1026 1027 1028 1029 1030 1031 1032 1033 1034 1035 1036 1037 1038 1143 1144 1145 1146 1147 1148 1149 1150 1151 1152 1153 1154 1155 1156 1157 1158 1159 1160 1161 1162 1163 1164 1165 1166 1167 1168 1169 1170 1171 1172 1175</camera_ids>
              </partition>
              <partition>
                <camera_ids>22 24 25 28 30 31 33 36 38 41 43 45 48 49 57 61 62 63 181 183 186 188 189 192 195 197 198 200 201 204 205 206 207 208 210 211 212 329 331 334 335 337 340 342 343 345 347 348 350 352 354 355 358 359 360 361 364 366 367 368 1181 1183 1184 1186 1189 1190 1192 1193 1195 1198 1201 1202 1208 1212</camera_ids>
              </partition>
            </partition>
          </partition>
        </partition>
      </component>
    </components>
    <cameras next_id="1307" next_group_id="0">
      <camera id="0" sensor_id="0" component_id="0" label="1_DJI_0001">
        <transform>-9.9636624907785110e-01 5.3897443297068665e-02 -6.5949702839162710e-02 -1.4946777668715079e+00 5.3883984085069468e-02 9.9854523159493103e-01 1.9841164645422738e-03 3.7560328021324935e+01 6.5960700099791089e-02 -1.5767260586906362e-03 -9.9782097591566044e-01 -7.2164301800838410e-02 0 0 0 1</transform>
        <rotation_covariance>2.1568314895081076e-09 2.8179966111065446e-10 -3.4148584676343298e-10 2.8179966111065441e-10 5.3273042994228361e-09 -3.6739863143725299e-11 -3.4148584676343298e-10 -3.6739863143725293e-11 5.8309431921868853e-10</rotation_covariance>
        <location_covariance>2.1176853982571015e-07 2.3200020323496347e-08 1.8322054632762145e-06 2.3200020323496347e-08 7.8509384257331781e-08 2.9624459831505498e-07 1.8322054632762145e-06 2.9624459831505498e-07 2.5734241010806792e-05</location_covariance>
        <orientation>1</orientation>
        <reference x="-83.58045688" y="31.436810640000001" z="68.670000000000002" yaw="179.80000000000001" pitch="0.099999999999993788" roll="-0" enabled="true" rotation_enabled="false"/>
      </camera>
      <camera id="1" sensor_id="0" component_id="0" label="1_DJI_0002">
        <transform>-9.9598551672807334e-01 6.0657108234971696e-02 -6.5829823700842435e-02 -1.5339934927191852e+00 6.0697515252246689e-02 9.9815524113730081e-01 1.3878877264751899e-03 3.6633326863014297e+01 6.5792568806183144e-02 -2.6133906537203488e-03 -9.9782989937121780e-01 -6.1625677656733796e-02 0 0 0 1</transform>
        <rotation_covariance>2.1593345641995925e-09 3.3754345485750670e-10 -3.3427109846879197e-10 3.3754345485750676e-10 5.3270779656718503e-09 -1.5562348940723030e-11 -3.3427109846879192e-10 -1.5562348940723030e-11 5.7723296947160713e-10</rotation_covariance>
        <location_covariance>2.1410410214480480e-07 2.5418424040379046e-08 1.8436037003661820e-06 2.5418424040379046e-08 8.1101032239492375e-08 3.4776740573971361e-07 1.8436037003661820e-06 3.4776740573971361e-07 2.6010481203152876e-05</location_covariance>
        <orientation>1</orientation>
        <reference x="-83.580457620000004" y="31.436783309999999" z="68.370000000000005" yaw="180.30000000000004" pitch="0.099999999999993788" roll="-0" enabled="true" rotation_enabled="false"/>
      </camera>
      <camera id="2" sensor_id="0" component_id="0" label="1_DJI_0003">
        <transform>-9.9550023069462168e-01 6.8547095146594489e-02 -6.5426190733667747e-02 -1.5977066586436124e+00 6.8607452601164631e-02 9.9764285091386373e-01 1.3264494097780521e-03 3.5708963082044995e+01 6.5362895701869733e-02 -3.1682435861961067e-03 -9.9785652981680917e-01 -1.8429082862947033e-03 0 0 0 1</transform>
        <rotation_covariance>2.0491395556033633e-09 2.8913603928070683e-10 -3.5521454353093978e-10 2.8913603928070683e-10 5.2249192767453370e-09 4.7850782382914913e-12 -3.5521454353093973e-10 4.7850782382914970e-12 5.8642902768925124e-10</rotation_covariance>
        <location_covariance>2.1951125428131090e-07 2.6701594880780093e-08 1.9107242411292466e-06 2.6701594880780093e-08 8.4646724772579011e-08 3.8056676967103788e-07 1.9107242411292466e-06 3.8056676967103788e-07 2.7263512995851134e-05</location_covariance>
        <orientation>1</orientation>
        <reference x="-83.580459270000006" y="31.436758390000001" z="68.370000000000005" yaw="180.80000000000001" pitch="0.099999999999993788" roll="-0" enabled="true" rotation_enabled="false"/>
      </camera>
      <camera id="3" sensor_id="0" component_id="0" label="1_DJI_0004">
        <transform>-9.9581708143637959e-01 6.3300027458147043e-02 -6.5889656573153640e-02 -1.5890731422852193e+00 6.3344562495342524e-02 9.9799071329295941e-01 1.4151265963908699e-03 3.4752588938289499e+01 6.5846842914478024e-02 -2.7645442315138991e-03 -9.9782591195728532e-01 4.9786447752691795e-02 0 0 0 1</transform>
        <rotation_covariance>1.9315235479909779e-09 2.8549005345571542e-10 -3.5385215236977928e-10 2.8549005345571532e-10 5.2760184762027033e-09 3.3032285375583900e-12 -3.5385215236977923e-10 3.3032285375583908e-12 5.7441513383977849e-10</rotation_covariance>
        <location_covariance>2.3051320320225108e-07 2.7885066016379707e-08 2.0160081187401076e-06 2.7885066016379707e-08 8.6222396844982780e-08 4.0078342137607907e-07 2.0160081187401076e-06 4.0078342137607907e-07 2.8441402791206751e-05</location_covariance>
        <orientation>1</orientation>
        <reference x="-83.580458699999994" y="31.43673004" z="68.670000000000002" yaw="180.50000000000003" pitch="0.099999999999993788" roll="-0" enabled="true" rotation_enabled="false"/>
      </camera>
      <camera id="4" sensor_id="0" component_id="0" label="1_DJI_0005">
        <transform>-9.9639403260818371e-01 5.3312646576654299e-02 -6.6005253562075691e-02 -1.6284005314439784e+00 5.3324313171032298e-02 9.9857598680161797e-01 1.5862559734488024e-03 3.3780294688039540e+01 6.5995828713933308e-02 -1.9391488257437528e-03 -9.9781801461699071e-01 1.0768883368681960e-02 0 0 0 1</transform>
        <rotation_covariance>1.8971756600794705e-09 2.5722015289458544e-10 -3.8708558761074345e-10 2.5722015289458534e-10 5.2267480699589022e-09 -2.6521225616496984e-12 -3.8708558761074345e-10 -2.6521225616496919e-12 5.9556592228860533e-10</rotation_covariance>
        <location_covariance>2.2587187575581964e-07 2.6268035898325393e-08 1.9682297219183114e-06 2.6268035898325393e-08 8.7836592194528114e-08 3.8054515387848947e-07 1.9682297219183114e-06 3.8054515387848947e-07 2.7716528214287180e-05</location_covariance>
        <orientation>1</orientation>
        <reference x="-83.580459480000002" y="31.436703949999998" z="68.670000000000002" yaw="179.80000000000001" pitch="0.099999999999993788" roll="-0" enabled="true" rotation_enabled="false"/>
      </camera>
      <camera id="5" sensor_id="0" component_id="0" label="1_DJI_0006">
        <transform>-9.9582883007081202e-01 6.2913889554981062e-02 -6.6081644205188403e-02 -1.6576023008500624e+00 6.2894407817473741e-02 9.9801735575885808e-01 2.3771978010704853e-03 3.2877042938321878e+01 6.6100186573766720e-02 -1.7888837748036845e-03 -9.9781138760276389e-01 -1.4926946674066835e-02 0 0 0 1</transform>
        <rotation_covariance>1.8096478010011662e-09 3.0638968938675572e-10 -3.7812198830666973e-10 3.0638968938675578e-10 5.1608100581483293e-09 -1.1303212127556763e-11 -3.7812198830666979e-10 -1.1303212127556765e-11 5.7867833822130894e-10</rotation_covariance>
        <location_covariance>2.2333513955616677e-07 2.3962952182647285e-08 1.9431123061415405e-06 2.3962952182647285e-08 8.5024012840893968e-08 3.4484691354414661e-07 1.9431123061415405e-06 3.4484691354414661e-07 2.7277369989283555e-05</location_covariance>
        <orientation>1</orientation>
        <reference x="-83.580460029999998" y="31.436678149999999" z="68.569999999999993" yaw="180.50000000000003" pitch="0.099999999999993788" roll="-0" enabled="true" rotation_enabled="false"/>
      </camera>
      <camera id="6" sensor_id="0" component_id="0" label="1_DJI_0007">
        <transform>9.9187766358181051e-01 1.1872062108832712e-01 -4.5652104178133465e-02 2.4474445678677004e+01 1.1835388697255057e-01 -9.9291421837936589e-01 -1.0663600638662007e-02 3.7381091352916975e+01 -4.6594612628264635e-02 5.1738833088872671e-03 -9.9890048203288384e-01 -1.4721623323190565e+00 0 0 0 1</transform>
        <rotation_covariance>2.8114852973926766e-09 -1.0798719388148163e-09 -1.1751866605759947e-10 -1.0798719388148161e-09 2.9344942253064170e-09 1.0431817570005598e-10 -1.1751866605759939e-10 1.0431817570005600e-10 3.0097246047035433e-10</rotation_covariance>
        <location_covariance>1.1790116145411185e-07 2.2713408734447535e-08 1.1856062035254877e-06 2.2713408734447535e-08 6.3320198783780303e-08 5.0690224914322022e-07 1.1856062035254877e-06 5.0690224914322022e-07 2.4799086257918334e-05</location_covariance>
        <orientation>1</orientation>
        <reference x="-83.579597480000004" y="31.436785109999999" z="71.349999999999994" yaw="0" pitch="0.099999999999993788" roll="-0" enabled="true" rotation_enabled="false"/>
      </camera>
      <camera id="7" sensor_id="0" component_id="0" label="1_DJI_0008">
        <transform>9.9140506267871609e-01 1.2260296341458886e-01 -4.5656489757450229e-02 2.4480253687481099e+01 1.2221621832132265e-01 -9.9244054509923507e-01 -1.1178569781884818e-02 3.8398502210848200e+01 -4.6681877364197391e-02 5.5025271552861504e-03 -9.9889465136252453e-01 -1.4629197885221845e+00 0 0 0 1</transform>
        <rotation_covariance>2.8411209813166470e-09 -9.7095760189727624e-10 -2.8531835885544987e-11 -9.7095760189727624e-10 2.8584224255188003e-09 8.9323596373278244e-11 -2.8531835885544971e-11 8.9323596373278231e-11 2.3308035349406291e-10</rotation_covariance>
        <location_covariance>1.1702714838111790e-07 2.4182399226195191e-08 1.1916338920898811e-06 2.4182399226195191e-08 6.1207020984211422e-08 5.1381919180908376e-07 1.1916338920898811e-06 5.1381919180908376e-07 2.4859595667359303e-05</location_covariance>
        <orientation>1</orientation>
        <reference x="-83.579597640000003" y="31.436813539999999" z="71.450000000000003" yaw="359.80000000000001" pitch="0.099999999999993788" roll="-0" enabled="true" rotation_enabled="false"/>
      </camera>
      <camera id="8" sensor_id="0" component_id="0" label="1_DJI_0009">
        <transform>-9.9654347938307897e-01 5.0130409420238872e-02 -6.6242250493367419e-02 -1.6254753916472209e+00 5.0118605931172448e-02 9.9874157615288328e-01 1.8410331800386426e-03 3.0033865440691219e+01 6.6251181412731480e-02 -1.4852996375758210e-03 -9.9780187153883593e-01 -2.7294845026279477e-02 0 0 0 1</transform>
        <rotation_covariance>1.6239885686821796e-09 3.7430646699093000e-10 -3.3265524889011687e-10 3.7430646699092995e-10 4.7866424849321229e-09 -2.6844110534736564e-11 -3.3265524889011687e-10 -2.6844110534736554e-11 5.2025021194365052e-10</rotation_covariance>
        <location_covariance>2.1925824695015832e-07 2.5128028870546980e-08 1.9447442779471774e-06 2.5128028870546980e-08 7.8970299842155121e-08 3.8293849428947198e-07 1.9447442779471774e-06 3.8293849428947198e-07 2.7423633640750375e-05</location_covariance>
        <orientation>1</orientation>
        <reference x="-83.58045783" y="31.436598480000001" z="68.469999999999999" yaw="179.90000000000001" pitch="0.099999999999993788" roll="-0" enabled="true" rotation_enabled="false"/>
      </camera>
      <camera id="9" sensor_id="0" component_id="0" label="1_DJI_0010">
        <transform>9.9218851971027267e-01 1.1599729294703758e-01 -4.5897378836892447e-02 2.4578072370893011e+01 1.1557161109215701e-01 -9.9322868933240405e-01 -1.1831035313893568e-02 4.0327942137334688e+01 -4.6958961495131957e-02 6.4341833976451768e-03 -9.9887609703070979e-01 -1.5202918540674610e+00 0 0 0 1</transform>
        <rotation_covariance>2.7408129714216348e-09 -9.9713098369768167e-10 -1.1435968885373195e-12 -9.9713098369768187e-10 2.8322655155613332e-09 1.9741953329566254e-11 -1.1435968885373341e-12 1.9741953329566244e-11 2.0348130757624986e-10</rotation_covariance>
        <location_covariance>1.1450383034919771e-07 2.3845007445483209e-08 1.1463898557580003e-06 2.3845007445483209e-08 5.9897728750980540e-08 4.8440659877433971e-07 1.1463898557580003e-06 4.8440659877433971e-07 2.3678523780184009e-05</location_covariance>
        <orientation>1</orientation>
        <reference x="-83.579595040000001" y="31.436867679999999" z="71.650000000000006" yaw="0" pitch="0.099999999999993788" roll="-0" enabled="true" rotation_enabled="false"/>
      </camera>
      <camera id="10" sensor_id="0" component_id="0" label="1_DJI_0011">
        <transform>9.9247611226810384e-01 1.1348759470444153e-01 -4.5953589907557567e-02 2.4561478643550085e+01 1.1301148930810694e-01 -9.9351074243546889e-01 -1.2837754853837313e-02 4.1178978215156057e+01 -4.7112311146399855e-02 7.5478813930804911e-03 -9.9886108124449469e-01 -1.6105836022830335e+00 0 0 0 1</transform>
        <rotation_covariance>3.0991107586231311e-09 -1.1613754448429482e-09 2.2125865273189622e-11 -1.1613754448429482e-09 2.9770611972377607e-09 1.7058430618122114e-11 2.2125865273189629e-11 1.7058430618122121e-11 2.4879785706066006e-10</rotation_covariance>
        <location_covariance>1.1086258489208391e-07 2.2971513526281574e-08 1.0619389094543020e-06 2.2971513526281574e-08 6.1169100292365507e-08 4.8131119443639360e-07 1.0619389094543020e-06 4.8131119443639360e-07 2.1913551780577506e-05</location_covariance>
        <orientation>1</orientation>
        <reference x="-83.579595659999995" y="31.436891899999999" z="71.549999999999997" yaw="0" pitch="0.099999999999993788" roll="-0" enabled="true" rotation_enabled="false"/>
      </camera>
      <camera id="11" sensor_id="0" component_id="0" label="1_DJI_0012">
        <transform>9.9216219056857269e-01 1.1640641873087169e-01 -4.5428331296950113e-02 2.4503424457507034e+01 1.1593351938048420e-01 -9.9317296504548247e-01 -1.2918226922416509e-02 4.2112500558919535e+01 -4.6621955023651691e-02 7.5503099947686336e-03 -9.9888407041495830e-01 -1.6546718932609148e+00 0 0 0 1</transform>
        <rotation_covariance>3.2261385835967299e-09 -1.1091441457826459e-09 -5.2800908919417140e-11 -1.1091441457826457e-09 3.1681285695503160e-09 -6.7371591799226965e-11 -5.2800908919417140e-11 -6.7371591799227003e-11 3.5941979977608937e-10</rotation_covariance>
        <location_covariance>1.0839474269894247e-07 2.2563362951425104e-08 9.9815445852849837e-07 2.2563362951425104e-08 6.2743111375768737e-08 4.4936643456999461e-07 9.9815445852849837e-07 4.4936643456999461e-07 2.0998360885026081e-05</location_covariance>
        <orientation>1</orientation>
        <reference x="-83.579597770000007" y="31.43691798" z="71.25" yaw="359.89999999999998" pitch="0.099999999999993788" roll="-0" enabled="true" rotation_enabled="false"/>
      </camera>
      <camera id="12" sensor_id="0" component_id="0" label="1_DJI_0013">
        <transform>-9.9734443651963289e-01 2.8975863532674912e-02 -6.6816721528913381e-02 -1.7207413923865200e+00 2.8929247282945388e-02 9.9958007449242736e-01 1.6653316053397149e-03 2.6278725610015854e+01 6.6836917904543977e-02 -2.7204824819948570e-04 -9.9776387607227579e-01 2.7306805122503788e-02 0 0 0 1</transform>
        <rotation_covariance>1.3980306703926948e-09 4.3691902797373149e-10 -2.7693428389446877e-10 4.3691902797373165e-10 4.4133692191046418e-09 -3.3436283685308923e-11 -2.7693428389446877e-10 -3.3436283685308910e-11 4.3673491417365559e-10</rotation_covariance>
        <location_covariance>2.2344430079991851e-07 2.7903949437392789e-08 2.0751861810568920e-06 2.7903949437392789e-08 7.2775298113977029e-08 4.2853515802041721e-07 2.0751861810568920e-06 4.2853515802041721e-07 2.8941468458024860e-05</location_covariance>
        <orientation>1</orientation>
        <reference x="-83.580459200000007" y="31.436490689999999" z="68.469999999999999" yaw="179.09999999999999" pitch="0.099999999999993788" roll="-0" enabled="true" rotation_enabled="false"/>
      </camera>
      <camera id="13" sensor_id="0" component_id="0" label="1_DJI_0014">
        <transform>9.9331573231274883e-01 1.0576440788852724e-01 -4.6235764987459134e-02 2.4478492978348331e+01 1.0521150255175671e-01 -9.9434791407378187e-01 -1.4239575412264338e-02 4.4012530157573970e+01 -4.7480476732947731e-02 9.2798599724958075e-03 -9.9882905871230188e-01 -1.5663095949922967e+00 0 0 0 1</transform>
        <rotation_covariance>4.5302097484646706e-09 -7.6763145333629984e-10 -6.0952979972865550e-10 -7.6763145333629973e-10 4.1113117729076219e-09 -9.2393280500638978e-11 -6.0952979972865560e-10 -9.2393280500638978e-11 9.7933864584371628e-10</rotation_covariance>
        <location_covariance>1.3039890631242583e-07 2.5849619238110730e-08 1.1118928694546208e-06 2.5849619238110730e-08 8.8253614866673874e-08 4.9944697776148525e-07 1.1118928694546208e-06 4.9944697776148525e-07 2.2504568006289789e-05</location_covariance>
        <orientation>1</orientation>
        <reference x="-83.579599619999996" y="31.43697177" z="71.25" yaw="0.20000000000000001" pitch="0.099999999999993788" roll="-0" enabled="true" rotation_enabled="false"/>
      </camera>
      <camera id="14" sensor_id="0" component_id="0" label="1_DJI_0015">
        <transform>9.9359332226453390e-01 1.0300540863325386e-01 -4.6499416594431221e-02 2.4507228513901797e+01 1.0244934192857338e-01 -9.9463695294626975e-01 -1.4193807528708191e-02 4.5029011134490560e+01 -4.7712076979820627e-02 9.3390377478706488e-03 -9.9881747085451789e-01 -1.5097285612731561e+00 0 0 0 1</transform>
        <rotation_covariance>5.6507550002560307e-09 -2.1166007425434470e-10 -4.1997286530748308e-10 -2.1166007425434467e-10 4.8596117724127595e-09 -1.4904109248548912e-12 -4.1997286530748314e-10 -1.4904109248549090e-12 1.3884340424211512e-09</rotation_covariance>
        <location_covariance>1.4527957442060057e-07 2.7831028274092627e-08 1.1771090897767940e-06 2.7831028274092627e-08 1.0180284591888478e-07 5.0532976896723713e-07 1.1771090897767940e-06 5.0532976896723713e-07 2.3576581869598683e-05</location_covariance>
        <orientation>1</orientation>
        <reference x="-83.579598899999993" y="31.437000040000001" z="71.450000000000003" yaw="0.30000000000000004" pitch="0.099999999999993788" roll="-0" enabled="true" rotation_enabled="false"/>
      </camera>
      <camera id="15" sensor_id="0" component_id="0" label="1_DJI_0016">
        <transform>9.9243693223925833e-01 1.1367667011889077e-01 -4.6330877373635476e-02 2.4521632841455880e+01 1.1311925092033254e-01 -9.9347576710203434e-01 -1.4489142564226787e-02 4.5957447781907007e+01 -4.7675681418861998e-02 9.1386460542308146e-03 -9.9882106232775381e-01 -1.5023304476319368e+00 0 0 0 1</transform>
        <rotation_covariance>6.6101401093972980e-09 2.1120933251131928e-10 -8.4329178509309668e-11 2.1120933251131944e-10 5.4610997529477396e-09 5.6953722327098916e-11 -8.4329178509309706e-11 5.6953722327098916e-11 1.4776140335423571e-09</rotation_covariance>
        <location_covariance>1.5321740250192633e-07 2.8746691949794816e-08 1.1795162407546635e-06 2.8746691949794816e-08 1.1196632211370830e-07 5.0755512151514369e-07 1.1795162407546635e-06 5.0755512151514369e-07 2.3730930199987849e-05</location_covariance>
        <orientation>1</orientation>
        <reference x="-83.579599049999999" y="31.437026199999998" z="71.450000000000003" yaw="359.70000000000005" pitch="0.099999999999993788" roll="-0" enabled="true" rotation_enabled="false"/>
      </camera>
      <camera id="16" sensor_id="0" component_id="0" label="1_DJI_0017">
        <transform>9.9253129569656995e-01 1.1269297724374808e-01 -4.6711025923524351e-02 2.4564162802396883e+01 1.1214459441141537e-01 -9.9359033076113334e-01 -1.4207201071339048e-02 4.6834524701364749e+01 -4.8012675484576196e-02 8.8627026308228385e-03 -9.9880740660794576e-01 -1.5398075223437722e+00 0 0 0 1</transform>
        <rotation_covariance>7.0940342218960704e-09 5.8232404422023249e-10 2.2144560456898277e-10 5.8232404422023259e-10 5.8849458392514782e-09 1.4924399637018643e-10 2.2144560456898272e-10 1.4924399637018643e-10 1.5315893326016942e-09</rotation_covariance>
        <location_covariance>1.5909681436096658e-07 2.8072803796508622e-08 1.1618389202859308e-06 2.8072803796508622e-08 1.2585286401541192e-07 4.6286861124198112e-07 1.1618389202859308e-06 4.6286861124198112e-07 2.3083365984305950e-05</location_covariance>
        <orientation>1</orientation>
        <reference x="-83.579597770000007" y="31.437050979999999" z="71.549999999999997" yaw="359.70000000000005" pitch="0.099999999999993788" roll="-0" enabled="true" rotation_enabled="false"/>
      </camera>
      <camera id="17" sensor_id="0" component_id="0" label="1_DJI_0018">
        <transform>-9.9739391558081647e-01 2.8259554257708985e-02 -6.6383542806356138e-02 -1.7084439737975150e+00 2.8265276206790261e-02 9.9960009314108533e-01 8.5320178576270278e-04 2.1544218233743994e+01 6.6381106674426371e-02 -1.0253709031243924e-03 -9.9779381501951081e-01 2.8434496258423966e-03 0 0 0 1</transform>
        <rotation_covariance>1.5137727300212527e-09 7.1656429213787584e-10 -2.7603871618972806e-10 7.1656429213787594e-10 3.8004432234833242e-09 -1.9746994369333054e-11 -2.7603871618972801e-10 -1.9746994369333041e-11 4.4768907227124856e-10</rotation_covariance>
        <location_covariance>2.0997650833527742e-07 3.5838962860181150e-08 2.0417443626006515e-06 3.5838962860181150e-08 7.5185923871469736e-08 5.5173201040539613e-07 2.0417443626006515e-06 5.5173201040539613e-07 2.9166655602542545e-05</location_covariance>
        <orientation>1</orientation>
        <reference x="-83.580456949999999" y="31.43635845" z="68.569999999999993" yaw="179.80000000000001" pitch="0.099999999999993788" roll="-0" enabled="true" rotation_enabled="false"/>
      </camera>
      <camera id="18" sensor_id="0" component_id="0" label="1_DJI_0019">
        <transform>9.9300831032878456e-01 1.0850538573825620e-01 -4.6487384135530919e-02 2.4635550657580044e+01 1.0792441908052959e-01 -9.9404837306780591e-01 -1.4837512169431339e-02 4.8737039397354543e+01 -4.7820658549442868e-02 9.7166489614491907e-03 -9.9880867604804957e-01 -1.6233196347296246e+00 0 0 0 1</transform>
        <rotation_covariance>8.9492346600883435e-09 9.1875068356592112e-10 1.2412452889552497e-09 9.1875068356592153e-10 7.0755377487842139e-09 3.0257706941637360e-10 1.2412452889552499e-09 3.0257706941637355e-10 2.1584728124038768e-09</rotation_covariance>
        <location_covariance>1.6758824732199415e-07 2.9250407755071084e-08 1.0708298702904416e-06 2.9250407755071084e-08 1.7279581029782547e-07 4.2914269573771940e-07 1.0708298702904416e-06 4.2914269573771940e-07 2.1684485497170323e-05</location_covariance>
        <orientation>1</orientation>
        <reference x="-83.579596280000004" y="31.437104430000002" z="71.549999999999997" yaw="359.80000000000001" pitch="0.099999999999993788" roll="-0" enabled="true" rotation_enabled="false"/>
      </camera>
      <camera id="19" sensor_id="0" component_id="0" label="1_DJI_0020">
        <transform>9.9310380354985739e-01 1.0741261138552899e-01 -4.6982616893351058e-02 2.4634492071275062e+01 1.0686111379963317e-01 -9.9417391952296397e-01 -1.4103903638711925e-02 4.9651512003031783e+01 -4.8223829506872526e-02 8.9860255780606843e-03 -9.9879613215710972e-01 -1.6799534836699115e+00 0 0 0 1</transform>
        <rotation_covariance>9.3925416750338838e-09 1.0794602590906878e-09 1.8113458191269001e-09 1.0794602590906878e-09 7.9105774532775069e-09 1.8827383853582673e-10 1.8113458191269001e-09 1.8827383853582673e-10 2.7217539445620291e-09</rotation_covariance>
        <location_covariance>1.6745912934069879e-07 2.4469423580999256e-08 1.0326504063076699e-06 2.4469423580999256e-08 1.8850581054987177e-07 3.6738819695921026e-07 1.0326504063076699e-06 3.6738819695921026e-07 2.0706548180144928e-05</location_covariance>
        <orientation>1</orientation>
        <reference x="-83.579596339999995" y="31.437130289999999" z="71.349999999999994" yaw="359.80000000000001" pitch="0.099999999999993788" roll="-0" enabled="true" rotation_enabled="false"/>
      </camera>
      <camera id="20" sensor_id="0" component_id="0" label="1_DJI_0021">
        <transform>-9.9766585707802991e-01 1.2287317632816810e-02 -6.7170376254340344e-02 -1.7763570914815554e+00 1.2196808309895084e-02 9.9992407181722331e-01 1.7574036292850592e-03 1.8764981523428670e+01 6.7186869906337029e-02 9.3403739476510816e-04 -9.9773997218029398e-01 1.8919699496948945e-02 0 0 0 1</transform>
        <rotation_covariance>1.2964760090820283e-09 7.0556019948800690e-10 -1.2050737082779298e-10 7.0556019948800700e-10 3.5612337047934298e-09 2.7816230323409059e-11 -1.2050737082779298e-10 2.7816230323409062e-11 2.9042730163728611e-10</rotation_covariance>
        <location_covariance>2.1158569935019399e-07 3.5562765501108510e-08 2.1162259608944663e-06 3.5562765501108510e-08 6.4754797004908388e-08 5.5421596206294017e-07 2.1162259608944663e-06 5.5421596206294017e-07 2.9947641364907662e-05</location_covariance>
        <orientation>1</orientation>
        <reference x="-83.580457899999999" y="31.43627966" z="68.569999999999993" yaw="179.19999999999999" pitch="0.099999999999993788" roll="-0" enabled="true" rotation_enabled="false"/>
      </camera>
      <camera id="21" sensor_id="0" component_id="0" label="1_DJI_0022">
        <transform>-9.9736355962223744e-01 2.7718012786360095e-02 -6.7064459327095108e-02 -1.8092819207732556e+00 2.7661892657891197e-02 9.9961577762100229e-01 1.7654534096251395e-03 1.7794388866771030e+01 6.7087626521168009e-02 -9.4330978095025220e-05 -9.9774708291702008e-01 3.3058773247679779e-02 0 0 0 1</transform>
        <rotation_covariance>1.2520527389492176e-09 7.5790341930115964e-10 -6.9447355376373946e-11 7.5790341930115943e-10 3.4448221070598740e-09 3.0283210495411047e-11 -6.9447355376373959e-11 3.0283210495411054e-11 2.3592480278966137e-10</rotation_covariance>
        <location_covariance>2.1156561974633428e-07 3.8727423345328000e-08 2.1424858806156467e-06 3.8727423345328000e-08 6.1625079103515612e-08 5.9316690006649716e-07 2.1424858806156467e-06 5.9316690006649716e-07 3.0418673572106365e-05</location_covariance>
        <orientation>1</orientation>
        <reference x="-83.580458680000007" y="31.43625201" z="68.370000000000005" yaw="180.19999999999999" pitch="0.099999999999993788" roll="-0" enabled="true" rotation_enabled="false"/>
      </camera>
      <camera id="22" sensor_id="0" component_id="0" label="1_DJI_0023">
        <transform>9.9466555518548438e-01 9.1675572191993765e-02 -4.7286602656805204e-02 2.4592325756369636e+01 9.1100298063601967e-02 -9.9574068738371557e-01 -1.4185174702098312e-02 5.2490928966962642e+01 -4.8385628240986085e-02 9.8016810740156370e-03 -9.9878063558914099e-01 -1.7608516296762946e+00 0 0 0 1</transform>
        <rotation_covariance>4.2144814495229577e-09 -3.5295369266357255e-10 1.2543242666478924e-09 -3.5295369266357265e-10 7.2609351510854649e-09 2.7276822999544074e-10 1.2543242666478926e-09 2.7276822999544074e-10 1.5718930985910771e-09</rotation_covariance>
        <location_covariance>1.5029431605300228e-07 1.8299822221853253e-08 9.5614797237708064e-07 1.8299822221853253e-08 1.0970106050713646e-07 2.7732301432847686e-07 9.5614797237708064e-07 2.7732301432847686e-07 1.9451496267467750e-05</location_covariance>
        <orientation>1</orientation>
        <reference x="-83.579598939999997" y="31.43720987" z="71.25" yaw="0.30000000000000004" pitch="0.099999999999993788" roll="-0" enabled="true" rotation_enabled="false"/>
      </camera>
      <camera id="23" sensor_id="0" component_id="0" label="1_DJI_0024">
        <transform>-9.9742536655723435e-01 2.6057494847722389e-02 -6.6810516465798969e-02 -1.8484849866919795e+00 2.6020344023443494e-02 9.9966039596160361e-01 1.4263389471306231e-03 1.5936930467774328e+01 6.6824994164365756e-02 -3.1576597564705877e-04 -9.9776466185507962e-01 1.1578247515426596e-01 0 0 0 1</transform>
        <rotation_covariance>1.2466234120133314e-09 8.2756264488273968e-10 -2.1258068451517296e-11 8.2756264488273979e-10 3.2713802972318844e-09 2.5410966619865119e-11 -2.1258068451517289e-11 2.5410966619865119e-11 1.9037261075621356e-10</rotation_covariance>
        <location_covariance>2.1730493280008693e-07 4.6757698088683586e-08 2.2665404973525373e-06 4.6757698088683586e-08 6.1227328897334338e-08 7.0283729007084512e-07 2.2665404973525373e-06 7.0283729007084512e-07 3.2627886922197047e-05</location_covariance>
        <orientation>1</orientation>
        <reference x="-83.580459320000003" y="31.436198529999999" z="68.569999999999993" yaw="180.09999999999999" pitch="0.099999999999993788" roll="-0" enabled="true" rotation_enabled="false"/>
      </camera>
      <camera id="24" sensor_id="0" component_id="0" label="1_DJI_0025">
        <transform>9.9397011686580838e-01 9.9088475225741227e-02 -4.6956158863437118e-02 2.4646279884662032e+01 9.8471941537561322e-02 -9.9502263620354503e-01 -1.5271875208090986e-02 5.4403192561132940e+01 -4.8235707806497163e-02 1.0555923454917529e-02 -9.9878020053083794e-01 -1.6264323305690220e+00 0 0 0 1</transform>
        <rotation_covariance>2.6069095069210755e-09 -6.5270483387201129e-10 4.1835719793617168e-10 -6.5270483387201129e-10 6.9497006482548142e-09 1.2482448034914949e-10 4.1835719793617163e-10 1.2482448034914946e-10 7.6051052539689600e-10</rotation_covariance>
