<?xml version="1.0" encoding="UTF-8"?>
<document version="1.5.0">
  <chunk label="Chunk 1" enabled="true">
    <sensors next_id="1">
      <sensor id="0" label="FC6310S (8.8mm)" type="frame">
        <resolution width="5472" height="3648"/>
        <property name="pixel_width" value="0.0024122807017543861"/>
        <property name="pixel_height" value="0.0024122807017543861"/>
        <property name="focal_length" value="8.8000000000000007"/>
        <property name="layer_index" value="0"/>
        <bands>
          <band label="Red"/>
          <band label="Green"/>
          <band label="Blue"/>
        </bands>
        <data_type>uint8</data_type>
        <calibration type="frame" class="adjusted">
          <resolution width="5472" height="3648"/>
          <f>2809.7729029412412</f>
          <cx>-9.2259180521637418</cx>
          <cy>-7.2092893823749398</cy>
          <k1>-0.0062245449853755358</k1>
          <k2>0.000674891658814736</k2>
          <k3>0.0012678922183590236</k3>
          <p1>0.00066136588511260465</p1>
          <p2>-0.0006694217709488742</p2>
        </calibration>
        <covariance>
          <params>f cx cy k1 k2 k3 p1 p2</params>
          <coeffs>4.1891012528775683e+01 6.4151791494002597e-01 3.7046845083279495e-01 -1.9606726735482604e-04 4.0269388126629696e-05 1.1379138428844698e-04 9.3812252323799749e-06 -1.0818158130409371e-05 6.4151791494002597e-01 2.9869843166050257e-02 6.1826619761803890e-03 -3.0121533874351265e-06 6.2634510423027022e-07 1.7479503694419273e-06 1.3119762248248290e-07 -1.6496185778113866e-07 3.7046845083279495e-01 6.1826619761803890e-03 1.1109029694086390e-02 -1.7294454362125407e-06 3.4718598497914146e-07 1.0117373041479152e-06 8.1253168858735032e-08 -1.0095985953857009e-07 -1.9606726735482604e-04 -3.0121533874351265e-06 -1.7294454362125407e-06 9.6398312962578649e-10 -2.6251599907683770e-10 -4.9783560190262227e-10 -4.4150307581435754e-11 5.0636645852226970e-11 4.0269388126629696e-05 6.2634510423027022e-07 3.4718598497914146e-07 -2.6251599907683770e-10 1.7190802976507979e-10 4.3346230471040054e-11 9.0603853391330715e-12 -1.0433079834232345e-11 1.1379138428844698e-04 1.7479503694419273e-06 1.0117373041479152e-06 -4.9783560190262227e-10 4.3346230471040054e-11 3.4313286948991121e-10 2.5476755127489205e-11 -2.9354556327246784e-11 9.3812252323799749e-06 1.3119762248248290e-07 8.1253168858735032e-08 -4.4150307581435754e-11 9.0603853391330715e-12 2.5476755127489205e-11 2.6078891469382665e-12 -2.5513303928378769e-12 -1.0818158130409371e-05 -1.6496185778113866e-07 -1.0095985953857009e-07 5.0636645852226970e-11 -1.0433079834232345e-11 -2.9354556327246784e-11 -2.5513303928378769e-12 4.4739742143254016e-12</coeffs>
        </covariance>
        <meta>
          <property name="Exif/BodySerialNumber" value="91729d101b4029bd904de8ef6494c684"/>
          <property name="Exif/Make" value="DJI"/>
          <property name="Exif/Model" value="FC6310S"/>
          <property name="Exif/Software" value="v01.08.1719"/>
        </meta>
      </sensor>
    </sensors>
    <components next_id="1" active_id="0">
      <component id="0" label="Component 1">
        <transform>
          <rotation locked="true">-9.1281067900022983e-01 6.6412655903038464e-02 4.0294667567687431e-01 -3.7329240411434489e-01 -5.3583739019051790e-01 -7.5731834277557741e-01 1.6561837257282760e-01 -8.4170520398160731e-01 5.1390943195918148e-01</rotation>
          <translation locked="true">6.0900508409780206e+05 -5.4128478281758549e+06 3.3073007989591956e+06</translation>
          <scale locked="true">2.9880436715124139e+00</scale>
        </transform>
        <region>
          <center>-1.8613495996063573e+01 -2.4846018445870470e+01 3.5295938791404966e+00</center>
          <size>1.2796706364650670e+02 6.8849309407846008e+01 2.0055294498239121e+01</size>
          <R>-3.4572992733394162e-02 -9.9881309698549092e-01 3.4308970601128960e-02 9.4819477853401013e-01 -4.3630039742626130e-02 -3.1467933137226600e-01 3.1580273927611208e-01 2.1652180543984739e-02 9.4857778434000595e-01</R>
        </region>
        <partition>
          <partition>
            <partition>
              <partition>
                <camera_ids>15 17 19 21 22 25 40 43 44 45 46 48 51 52 54 55 56 57 61 63 65 68 70 73 77 78 79 81 83 84 85 89 215 220 221 222 223 224 225 227 228 229 231 237 239 242 243 244 401 403 405 407 410 411 1038 1040 1041 1046 1048 1049 1052 1057 1058 1059 1061 1063 1065 1066 1068 1070 1071 1073 1074 1075 1079 1081 1085 1086 1087 1215 1216 1217 1218 1225 1229 1231 1232 1233 1234 1235 1237 1239 1240</camera_ids>
              </partition>
              <partition>
                <camera_ids>31 32 36 37 38 413 414 415 416 417 420 421 422 561 562 563 564 565 566 567 568 569 570 571 572 573 574 575 576 577 578 579 580 581 582 583 584 585 586 587 588 589 590 591 592 593 594 595 596 597 598 599 600 601 602 603 604 605 606 607 608 609 610 611 612 613 614 615 616 617 618 619 620 621 622 623 624 625 626 627 628 629 630 631 632 633 634 635 636 637 768 769 770 771 772 773 774 775 776 777 778 779 780</camera_ids>
              </partition>
              <partition>
                <camera_ids>90 94 95 98 100 102 103 104 105 106 109 110 111 115 116 117 118 119 120 128 129 130 132 134 136 137 138 139 140 142 144 145 146 148 149 150 151 153 154 157 161 162 167 168 170 172 173 179 180 181 182 184 185 186 188 189 190 192 194 308 310 312 313 318 320 1090 1091 1092 1095 1096 1098 1100 1106 1107 1111 1112 1113 1120 1121 1122 1123 1124 1125 1126 1130 1132 1134 1140 1142 1146 1151 1154 1155 1157 1158 1159 1162 1163 1164 1165 1168 1170 1173 1174 1175 1176 1177 1182 1186 1190 1192 1308 1310 1313 1314 1315 1316 1318</camera_ids>
              </partition>
              <partition>
                <camera_ids>0 3 6 10 11 13 378 380 381 384 385 386 388 389 391 392 394 395 396 399 426 427 428 429 430 431 432 433 434 435 436 437 438 439 440 441 442 443 444 445 446 447 448 449 450 451 452 453 454 455 456 457 458 459 460 461 462 463 464 465 466 467 468 469 470 471 472 473 474 475 476 477 478 479 480 481 482 483 484 485 523 524 525 526 527 528 529 530 531 532 533 534 535 536 537 538 539 540 541 542 543 544 545 546 547 548 549 550 551 552 553 554 555 556 557 558 559 560 1378 1381 1382</camera_ids>
              </partition>
            </partition>
            <partition>
              <partition>
                <camera_ids>293 294 295 297 299 300 301 306 321 322 323 325 330 331 332 333 334 339 344 348 486 487 488 489 490 491 492 493 494 495 496 497 498 499 500 501 502 503 504 1295 1297 1301 1302 1303 1304 1306 1323 1325 1326 1327 1328 1334 1335 1336 1337 1339 1340 1341 1342 1344 1345 1346</camera_ids>
              </partition>
              <partition>
                <camera_ids>195 198 202 203 204 205 209 210 213 214 246 248 249 256 257 259 260 262 263 264 265 270 271 272 274 275 276 277 278 281 282 283 284 286 288 349 350 351 354 355 356 357 360 363 364 367 368 369 370 375 376 1195 1196 1198 1199 1200 1205 1206 1207 1210 1211 1244 1246 1249 1250 1251 1252 1253 1254 1257 1260 1265 1266 1267 1268 1272 1278 1279 1284 1286 1288 1289 1290 1291 1351 1352 1357 1358 1360 1361 1364 1365 1370 1371 1372 1373 1376</camera_ids>
              </partition>
            </partition>
            <partition>
              <partition>
                <camera_ids>505 506 507 508 509 510 511 512 513 514 515 516 517 518 519 520 521 522 671 672 673 674 675 676 677 678 679 680 681 682 683 684 685 686 687 688 689 690 691 692 693 694 695 696 697 698 699 700 701 702 703 704 705 706 859 860 861 862 863 864 865 866 867 868 869 870 871 872</camera_ids>
              </partition>
              <partition>
                <camera_ids>638 639 640 641 642 643 644 645 646 647 648 649 650 651 652 653 654 655 656 657 658 659 660 661 662 663 664 665 666 667 668 669 670 707 708 709 710 711 712 713 714 715 716 717 718 719 720 721 722 723 724 725 726 727 728 729 730 731 732 733 734 735 736 737 738 739 740 741 742 743 744</camera_ids>
              </partition>
            </partition>
          </partition>
          <partition>
            <partition>
              <partition>
                <camera_ids>163 164 165 166 169 171 174 175 176 177 178 183 187 191 193 196 289 290 291 292 296 298 302 303 304 305 307 309 311 314 315 316 317 319 346 347 352 353 358 359 361 362 365 366 371 372 373 374 1161 1166 1167 1169 1171 1172 1178 1179 1180 1181 1183 1184 1185 1187 1188 1189 1191 1193 1194 1287 1292 1293 1294 1296 1298 1299 1300 1305 1307 1309 1311 1312 1317 1319 1320 1347 1348 1349 1350 1353 1354 1355 1356 1359 1362 1363 1366 1367 1368 1369 1374 1375</camera_ids>
              </partition>
              <partition>
                <camera_ids>107 108 112 113 114 121 122 123 124 125 126 127 131 133 135 939 940 941 942 943 944 945 946 947 948 949 950 951 952 977 978 979 980 981 982 983 984 985 986 987 988 989 990 991 992 993 994 995 996 997 998 999 1000 1001 1002 1003 1004 1005 1006 1007 1008 1009 1010 1102 1103 1104 1105 1108 1109 1110 1114 1115 1116 1117 1118 1119 1127 1128 1129 1131 1133 1135 1136</camera_ids>
              </partition>
            </partition>
            <partition>
              <partition>
                <camera_ids>745 746 747 748 749 750 751 752 753 754 755 756 757 758 759 760 761 762 763 764 765 766 767 781 782 783 784 785 786 787 788 789 790 791 792 793 794 795 796 797 798 799 800 801 802 803 804 805 806 953 954 955 956 957 958 959 960 961 962 963 964</camera_ids>
              </partition>
              <partition>
                <camera_ids>141 143 147 152 155 156 158 159 160 324 326 327 328 329 335 336 337 338 340 341 342 343 345 965 966 967 968 969 970 971 972 973 974 975 976 1137 1138 1139 1141 1143 1144 1145 1147 1148 1149 1150 1152 1153 1156 1160 1321 1322 1324 1329 1330 1331 1332 1333 1338 1343</camera_ids>
              </partition>
              <partition>
                <camera_ids>39 41 42 47 49 50 53 807 808 809 810 811 812 813 814 815 816 817 818 819 820 821 822 823 824 825 826 827 828 829 830 831 832 833 834 835 836 837 838 839 840 841 842 843 844 845 846 847 848 849 850 851 852 853 854 855 856 857 858 873 874 875 876 877 878 879 880 881 882 883 884 885 886 887 888 889 890 891 892 893 894 895 896 897 898 899 900 901 902 903 904 905 906 907 908 909 910 911 912 913 914 915 916 917 918 919 920 921 922 923 924 925 926 927 928 929 930 931 932 933 934 935 936 937 938 1037 1039 1042 1043 1044 1045 1047 1050 1051 1053 1054 1055 1056</camera_ids>
              </partition>
            </partition>
            <partition>
              <partition>
                <camera_ids>58 59 60 62 64 66 67 69 71 72 74 201 206 207 208 211 212 216 217 218 219 226 230 232 233 234 235 236 238 240 241 1060 1062 1064 1067 1069 1072 1201 1202 1203 1204 1208 1209 1212 1213 1214 1219 1220 1221 1222 1223 1224 1226 1227 1228 1230 1236 1238</camera_ids>
              </partition>
              <partition>
                <camera_ids>1 2 4 5 7 8 9 12 14 16 18 20 23 24 26 27 28 29 30 33 34 35 197 199 200 245 247 250 251 252 253 254 255 258 261 266 267 268 269 273 279 280 285 287 377 379 382 383 387 390 393 397 398 400 402 404 406 408 409 412 418 419 423 424 425 1197 1241 1242 1243 1245 1247 1248 1255 1256 1258 1259 1261 1262 1263 1264 1269 1270 1271 1273 1274 1275 1276 1277 1280 1281 1282 1283 1285 1377 1379 1380 1383 1384 1385</camera_ids>
              </partition>
              <partition>
                <camera_ids>80 82 86 87 88 91 92 93 96 97 99 101 1011 1012 1013 1014 1015 1016 1017 1018 1019 1020 1021 1022 1023 1024 1025 1026 1027 1028 1029 1030 1031 1032 1033 1034 1035 1036 1077 1078 1080 1082 1083 1084 1088 1089 1093 1094 1097 1099 1101</camera_ids>
              </partition>
            </partition>
          </partition>
        </partition>
      </component>
    </components>
    <cameras next_id="1386" next_group_id="0">
      <camera id="0" sensor_id="0" component_id="0" label="1_DJI_0001">
        <transform>9.5139741454862015e-01 2.1173451104200911e-03 -3.0795856286176509e-01 -8.6475591938536276e+00 -8.8900968407803170e-03 -9.9937080884454121e-01 -3.4335879303850798e-02 -5.9439167205396908e+00 -3.0783749896392076e-01 3.5404848242725440e-02 -9.5077998030698330e-01 2.3291224247970357e+00 0 0 0 1</transform>
        <rotation_covariance>2.6696050977128828e-09 7.0392091793406312e-10 3.4519253302193162e-10 7.0392091793406301e-10 4.6721992772885844e-09 -5.6255842991398465e-13 3.4519253302193146e-10 -5.6255842991400403e-13 8.1763893880503298e-10</rotation_covariance>
        <location_covariance>2.9065279021826925e-06 1.7229159636629880e-07 8.8090209901771391e-06 1.7229159636629880e-07 9.6231833006967125e-08 5.2673278807020771e-07 8.8090209901771391e-06 5.2673278807020771e-07 2.7535595318901143e-05</location_covariance>
        <orientation>1</orientation>
        <reference x="-83.580300789999995" y="31.43637597" z="54.170000000000002" yaw="181.30000000000001" pitch="0.099999999999993788" roll="-0" enabled="true" rotation_enabled="false"/>
      </camera>
      <camera id="1" sensor_id="0" component_id="0" label="1_DJI_0002">
        <transform>-9.3780505619020538e-01 -1.2010830342544893e-01 -3.2572330593979021e-01 -3.4616286489152436e+01 -1.1997656629016350e-01 9.9256357586272015e-01 -2.0571130543393656e-02 -3.2678880527928541e+01 3.2577185287453514e-01 1.9787453572192457e-02 -9.4524132186221144e-01 1.1628273422708805e+01 0 0 0 1</transform>
        <rotation_covariance>3.7767027573159005e-09 -2.3816099271939307e-09 3.4465405122919855e-10 -2.3816099271939307e-09 7.6561897935842847e-09 -1.0007432260871368e-10 3.4465405122919824e-10 -1.0007432260871378e-10 9.4335346452891680e-10</rotation_covariance>
        <location_covariance>2.1789850901703715e-06 8.2641427780685855e-08 5.9944246711372879e-06 8.2641427780685855e-08 1.1154426789289589e-07 2.3713184197422269e-07 5.9944246711372879e-06 2.3713184197422269e-07 1.7527670831640468e-05</location_covariance>
        <orientation>1</orientation>
        <reference x="-83.579441380000006" y="31.437094420000001" z="57.920000000000002" yaw="0" pitch="0.099999999999993788" roll="-0" enabled="true" rotation_enabled="false"/>
      </camera>
      <camera id="2" sensor_id="0" component_id="0" label="1_DJI_0003">
        <transform>-9.3652434321631084e-01 -1.2838762927835107e-01 -3.2624955358060309e-01 -3.4629029087854299e+01 -1.2883748306815768e-01 9.9145738549798212e-01 -2.0326231774936865e-02 -3.3585326210531591e+01 3.2607216612265483e-01 2.2997160472349343e-02 -9.4506511579376840e-01 1.1585455547003738e+01 0 0 0 1</transform>
        <rotation_covariance>3.9945748841218054e-09 -2.3653850131895519e-09 3.3489339126668398e-10 -2.3653850131895523e-09 7.7807992958043357e-09 -2.8767026734903572e-11 3.3489339126668403e-10 -2.8767026734903630e-11 9.0272225851566864e-10</rotation_covariance>
        <location_covariance>2.0292967905133649e-06 7.7798083576533137e-08 5.5491665379540405e-06 7.7798083576533137e-08 1.1380726014030226e-07 2.2063253806113829e-07 5.5491665379540405e-06 2.2063253806113829e-07 1.6180883371095288e-05</location_covariance>
        <orientation>1</orientation>
        <reference x="-83.579442099999994" y="31.43711901" z="57.520000000000003" yaw="359.30000000000001" pitch="0.099999999999993788" roll="-0" enabled="true" rotation_enabled="false"/>
      </camera>
      <camera id="3" sensor_id="0" component_id="0" label="1_DJI_0004">
        <transform>9.5136660733962297e-01 1.0982327429665234e-02 -3.0786517653564371e-01 -8.6107303208967831e+00 2.8180689959522720e-05 -9.9936744055613058e-01 -3.5562873367287362e-02 -3.0128866246178099e+00 -3.0806099663044667e-01 3.3824654329595638e-02 -9.5076512089713272e-01 2.1656136141890467e+00 0 0 0 1</transform>
        <rotation_covariance>2.5665263293232680e-09 5.4417925636565510e-10 3.5139053298278470e-10 5.4417925636565510e-10 4.5404452713952690e-09 -3.2136936157891764e-11 3.5139053298278464e-10 -3.2136936157891757e-11 8.1301415392405244e-10</rotation_covariance>
        <location_covariance>2.8645855328915294e-06 1.8062436817031707e-07 8.6664851293765592e-06 1.8062436817031707e-07 9.6842812246338868e-08 5.5576023009734683e-07 8.6664851293765592e-06 5.5576023009734683e-07 2.7062134774601858e-05</location_covariance>
        <orientation>1</orientation>
        <reference x="-83.58030291" y="31.436296760000001" z="54.469999999999999" yaw="181" pitch="0.099999999999993788" roll="-0" enabled="true" rotation_enabled="false"/>
      </camera>
      <camera id="4" sensor_id="0" component_id="0" label="1_DJI_0005">
        <transform>-9.3834147540270063e-01 -1.1591622120311565e-01 -3.2569726004538829e-01 -3.4559348256886125e+01 -1.1592965812719463e-01 9.9306720218516686e-01 -1.9438269229438671e-02 -3.5604116940857601e+01 3.2569247750845398e-01 1.9518237782000042e-02 -9.4527427156793487e-01 1.1671835572652942e+01 0 0 0 1</transform>
        <rotation_covariance>3.2765143273379681e-09 -2.1725402608048285e-09 1.0431026402383968e-10 -2.1725402608048289e-09 7.4658080301385329e-09 1.2633012856312118e-10 1.0431026402383970e-10 1.2633012856312110e-10 6.4237518143292295e-10</rotation_covariance>
        <location_covariance>2.0908343759543650e-06 8.1312634242053764e-08 5.7553668259049846e-06 8.1312634242053764e-08 1.1166876464985754e-07 2.3585064002553741e-07 5.7553668259049846e-06 2.3585064002553741e-07 1.6875827137456933e-05</location_covariance>
        <orientation>1</orientation>
        <reference x="-83.579443859999998" y="31.437173250000001" z="57.619999999999997" yaw="359.80000000000001" pitch="0.099999999999993788" roll="-0" enabled="true" rotation_enabled="false"/>
      </camera>
      <camera id="5" sensor_id="0" component_id="0" label="1_DJI_0006">
        <transform>-9.3977541138401821e-01 -1.0357290633989291e-01 -3.2572201219799113e-01 -3.4573639167403478e+01 -1.0307265362007428e-01 9.9449533133628920e-01 -1.8843142679518088e-02 -3.6562480543910056e+01 3.2588065949625911e-01 1.5864709976305180e-02 -9.4527779342564222e-01 1.1713385347712917e+01 0 0 0 1</transform>
        <rotation_covariance>3.0748552114306823e-09 -2.1415570949051743e-09 3.0931395935979912e-11 -2.1415570949051743e-09 7.5361092651254753e-09 1.0391136728961731e-10 3.0931395935979990e-11 1.0391136728961737e-10 5.6390476860196616e-10</rotation_covariance>
        <location_covariance>2.1012162725619488e-06 8.0394002402806577e-08 5.7867736130156042e-06 8.0394002402806577e-08 1.1095987581641380e-07 2.3485638008519695e-07 5.7867736130156042e-06 2.3485638008519695e-07 1.6967995315902070e-05</location_covariance>
        <orientation>1</orientation>
        <reference x="-83.579443220000002" y="31.437199369999998" z="57.82" yaw="0.40000000000000008" pitch="0.099999999999993788" roll="-0" enabled="true" rotation_enabled="false"/>
      </camera>
      <camera id="6" sensor_id="0" component_id="0" label="1_DJI_0007">
        <transform>9.5134462348323778e-01 1.4710065491250368e-02 -3.0777755172003629e-01 -8.5035798824387676e+00 4.1991117832887448e-03 -9.9938597578901534e-01 -3.4785612779827696e-02 -1.2779319572997718e-02 -3.0810026749382724e-01 3.1800713348599741e-02 -9.5082224406076621e-01 2.1398060586623608e+00 0 0 0 1</transform>
        <rotation_covariance>2.5752887749286649e-09 6.7674400419084731e-10 1.7010178300772872e-10 6.7674400419084741e-10 4.1281343362071997e-09 1.8302159819107475e-11 1.7010178300772875e-10 1.8302159819107452e-11 5.9143807036561793e-10</rotation_covariance>
        <location_covariance>3.2105174289123914e-06 1.7390754328155977e-07 9.7264675240586870e-06 1.7390754328155977e-07 8.0753838189874960e-08 5.3083344839902468e-07 9.7264675240586870e-06 5.3083344839902468e-07 3.0293201818740223e-05</location_covariance>
        <orientation>1</orientation>
        <reference x="-83.580305789999997" y="31.436216080000001" z="54.469999999999999" yaw="181" pitch="0.099999999999993788" roll="-0" enabled="true" rotation_enabled="false"/>
      </camera>
      <camera id="7" sensor_id="0" component_id="0" label="1_DJI_0008">
        <transform>-9.3892863482746303e-01 -1.0918438551598546e-01 -3.2633079637161572e-01 -3.4536476254840096e+01 -1.0921513883614864e-01 9.9384990441686238e-01 -1.8287179651175656e-02 -3.8576516611471376e+01 3.2632050525524270e-01 1.8469906607513686e-02 -9.4507872180039731e-01 1.1726692624741879e+01 0 0 0 1</transform>
        <rotation_covariance>2.7357560707826238e-09 -2.1003953822509872e-09 -2.6828273310439621e-11 -2.1003953822509876e-09 7.6581704704675523e-09 1.0107227955190713e-10 -2.6828273310439802e-11 1.0107227955190704e-10 5.0091806105441416e-10</rotation_covariance>
        <location_covariance>2.0338674861516322e-06 8.0722385785612438e-08 5.5804141410420225e-06 8.0722385785612438e-08 1.1095380424284771e-07 2.3787194657421260e-07 5.5804141410420225e-06 2.3787194657421260e-07 1.6322973211039626e-05</location_covariance>
        <orientation>1</orientation>
        <reference x="-83.579444269999996" y="31.437253590000001" z="57.920000000000002" yaw="0" pitch="0.099999999999993788" roll="-0" enabled="true" rotation_enabled="false"/>
      </camera>
      <camera id="8" sensor_id="0" component_id="0" label="1_DJI_0009">
        <transform>-9.3874985475297246e-01 -1.1143172559666345e-01 -3.2608538871256260e-01 -3.4633653651175003e+01 -1.1161371549587315e-01 9.9358472631877048e-01 -1.8214558442648021e-02 -3.9558603585189324e+01 3.2602314137876692e-01 1.9296687710699784e-02 -9.4516482643447775e-01 1.1725225222950931e+01 0 0 0 1</transform>
        <rotation_covariance>2.5682721437560988e-09 -2.0087092316197667e-09 -3.3487181129351764e-11 -2.0087092316197667e-09 7.6715701055334175e-09 1.1610682128392765e-10 -3.3487181129351738e-11 1.1610682128392768e-10 5.0715977106845197e-10</rotation_covariance>
        <location_covariance>1.9027757847833296e-06 7.9489078277819114e-08 5.2168993631938963e-06 7.9489078277819114e-08 1.0985404470306996e-07 2.3657802317681333e-07 5.2168993631938963e-06 2.3657802317681333e-07 1.5300745902725886e-05</location_covariance>
        <orientation>1</orientation>
        <reference x="-83.579441320000001" y="31.437279920000002" z="57.619999999999997" yaw="359.89999999999998" pitch="0.099999999999993788" roll="-0" enabled="true" rotation_enabled="false"/>
      </camera>
      <camera id="9" sensor_id="0" component_id="0" label="1_DJI_0010">
        <transform>-9.3991042276806891e-01 -1.0152340514443814e-01 -3.2597759950620664e-01 -3.4655719670058133e+01 -1.0131076768386210e-01 9.9469778262503505e-01 -1.7676243722721488e-02 -4.0530295513836506e+01 3.2604374786714913e-01 1.6410955143342010e-02 -9.4521222750661971e-01 1.1823525325541487e+01 0 0 0 1</transform>
        <rotation_covariance>2.3974700985052751e-09 -1.8711514708737718e-09 -3.7644547741218097e-11 -1.8711514708737718e-09 7.7359170838732808e-09 1.2572751682448657e-10 -3.7644547741217993e-11 1.2572751682448646e-10 4.7089536239786694e-10</rotation_covariance>
        <location_covariance>2.0219732822179870e-06 8.5181684046816920e-08 5.5642087165122185e-06 8.5181684046816920e-08 1.0954855090385757e-07 2.5526007066285915e-07 5.5642087165122185e-06 2.5526007066285915e-07 1.6335654165672093e-05</location_covariance>
        <orientation>1</orientation>
        <reference x="-83.57943994" y="31.437306079999999" z="57.520000000000003" yaw="0.5" pitch="0.099999999999993788" roll="-0" enabled="true" rotation_enabled="false"/>
      </camera>
      <camera id="10" sensor_id="0" component_id="0" label="1_DJI_0011">
        <transform>9.5144569398593482e-01 1.1009868634371395e-02 -3.0761969083314089e-01 -8.5212294159832709e+00 3.5890779748894836e-04 -9.9939913406876313e-01 -3.4658938353610946e-02 3.9141644093166024e+00 -3.0781644299942157e-01 3.2865690548966153e-02 -9.5087795421069876e-01 2.0317766476341195e+00 0 0 0 1</transform>
        <rotation_covariance>2.8146944820589485e-09 8.4926232124079182e-10 2.6463534506941625e-10 8.4926232124079193e-10 3.5123319534193974e-09 9.9237006192432301e-11 2.6463534506941635e-10 9.9237006192432249e-11 5.8653489759550192e-10</rotation_covariance>
        <location_covariance>3.3797658860834831e-06 1.5352246767552618e-07 1.0265045831472360e-05 1.5352246767552618e-07 7.0815795769969454e-08 4.7245038296327920e-07 1.0265045831472360e-05 4.7245038296327920e-07 3.1891122852158842e-05</location_covariance>
        <orientation>1</orientation>
        <reference x="-83.580305659999993" y="31.436110540000001" z="54.270000000000003" yaw="181.19999999999999" pitch="0.099999999999993788" roll="-0" enabled="true" rotation_enabled="false"/>
      </camera>
      <camera id="11" sensor_id="0" component_id="0" label="1_DJI_0012">
        <transform>9.5123278989134574e-01 1.7171012852643393e-02 -3.0799567489356289e-01 -8.5237733588386888e+00 6.7714183544112308e-03 -9.9937126903727236e-01 -3.4802507327798653e-02 4.9118652414659509e+00 -3.0839962277700100e-01 3.1019718574582252e-02 -9.5075099249517325e-01 2.0326123005369552e+00 0 0 0 1</transform>
        <rotation_covariance>2.6893697490103914e-09 7.2925793312114550e-10 1.2297452407466142e-10 7.2925793312114560e-10 3.1606977208318755e-09 4.3981828677250360e-11 1.2297452407466142e-10 4.3981828677250315e-11 4.4350821061478290e-10</rotation_covariance>
        <location_covariance>3.5218747340215279e-06 1.5817165652482298e-07 1.0666223916282562e-05 1.5817165652482298e-07 6.5664758261958870e-08 4.8592627662721382e-07 1.0666223916282562e-05 4.8592627662721382e-07 3.2992516123468581e-05</location_covariance>
        <orientation>1</orientation>
        <reference x="-83.580305379999999" y="31.436083450000002" z="54.170000000000002" yaw="181" pitch="0.099999999999993788" roll="-0" enabled="true" rotation_enabled="false"/>
      </camera>
      <camera id="12" sensor_id="0" component_id="0" label="1_DJI_0013">
        <transform>-9.3748673981632047e-01 -1.2315855092724681e-01 -3.2550051305960470e-01 -3.4688918631710834e+01 -1.2468861549016157e-01 9.9206295834890978e-01 -1.6243024322971533e-02 -4.3560444710476773e+01 3.2491746926829240e-01 2.5358588397439707e-02 -9.4540233771594695e-01 1.1954280999083034e+01 0 0 0 1</transform>
        <rotation_covariance>2.3012236044805987e-09 -1.7693978309476824e-09 -1.5756987986237678e-11 -1.7693978309476830e-09 7.9078428453934567e-09 1.3971861843567104e-10 -1.5756987986237523e-11 1.3971861843567120e-10 5.0507246555443850e-10</rotation_covariance>
        <location_covariance>2.0757070328391000e-06 8.8869551086247926e-08 5.7532858306145665e-06 8.8869551086247926e-08 1.0974355731316612e-07 2.6497749146761628e-07 5.7532858306145665e-06 2.6497749146761628e-07 1.7001209907263851e-05</location_covariance>
        <orientation>1</orientation>
        <reference x="-83.57943822" y="31.437387829999999" z="57.420000000000002" yaw="359.60000000000002" pitch="0.099999999999993788" roll="-0" enabled="true" rotation_enabled="false"/>
      </camera>
      <camera id="13" sensor_id="0" component_id="0" label="1_DJI_0014">
        <transform>9.5128069836242446e-01 1.8213835843155252e-02 -3.0778773384749442e-01 -8.4721434149089063e+00 7.9558634367235190e-03 -9.9937129658779389e-01 -3.4550192378745015e-02 6.8832942610130772e+00 -3.0822351818132515e-01 3.0418213956619367e-02 -9.5082753173202539e-01 1.9639701102912928e+00 0 0 0 1</transform>
        <rotation_covariance>2.3414593942337857e-09 8.6100488714391346e-10 -8.8211841296175865e-12 8.6100488714391336e-10 2.8351435161157635e-09 1.6315966386119857e-11 -8.8211841296174831e-12 1.6315966386119864e-11 2.8549076047938284e-10</rotation_covariance>
        <location_covariance>3.6343415436163525e-06 1.4662367092307244e-07 1.1024865475275321e-05 1.4662367092307244e-07 5.8088183900740890e-08 4.5399410166519954e-07 1.1024865475275321e-05 4.5399410166519954e-07 3.4092086819303142e-05</location_covariance>
        <orientation>1</orientation>
        <reference x="-83.580306870000001" y="31.436030930000001" z="54.369999999999997" yaw="181.09999999999999" pitch="0.099999999999993788" roll="-0" enabled="true" rotation_enabled="false"/>
      </camera>
      <camera id="14" sensor_id="0" component_id="0" label="1_DJI_0015">
        <transform>-9.4010180957524292e-01 -1.0115971377934259e-01 -3.2553847689856108e-01 -3.4549470154036079e+01 -1.0195575322583625e-01 9.9468088757057327e-01 -1.4661387586737851e-02 -4.5496554850188218e+01 3.2529004291171576e-01 1.9407323615008049e-02 -9.4541511716948790e-01 1.1975882206728507e+01 0 0 0 1</transform>
        <rotation_covariance>2.1197847169754044e-09 -1.5396712164916569e-09 -7.3682957220087757e-11 -1.5396712164916571e-09 8.0599881659107937e-09 1.2959672064584315e-10 -7.3682957220087783e-11 1.2959672064584315e-10 4.6742669345534853e-10</rotation_covariance>
        <location_covariance>2.1127878901221665e-06 8.5891023252040121e-08 5.8676728650016668e-06 8.5891023252040121e-08 1.0832222737245210e-07 2.5523069579136236e-07 5.8676728650016668e-06 2.5523069579136236e-07 1.7356542531481669e-05</location_covariance>
        <orientation>1</orientation>
        <reference x="-83.579442110000002" y="31.437440559999999" z="58.119999999999997" yaw="1" pitch="0.099999999999993788" roll="-0" enabled="true" rotation_enabled="false"/>
      </camera>
      <camera id="15" sensor_id="0" component_id="0" label="1_DJI_0016">
        <transform>9.5136709840375899e-01 1.7174772605765519e-02 -3.0758034927600908e-01 -8.4356988986428121e+00 6.8153855258054055e-03 -9.9937373910222949e-01 -3.4722904731088702e-02 8.8799174415674358e+00 -3.0798408172330288e-01 3.0937950461688457e-02 -9.5088834708722980e-01 1.9474463863713003e+00 0 0 0 1</transform>
        <rotation_covariance>2.2332112117916345e-09 9.6139356319691727e-10 -1.5991020841442507e-11 9.6139356319691706e-10 2.7800145506866691e-09 -1.6834231476626020e-13 -1.5991020841442546e-11 -1.6834231476620123e-13 2.5048247862788260e-10</rotation_covariance>
        <location_covariance>3.8805409382256856e-06 1.4931553123808016e-07 1.1786612473104313e-05 1.4931553123808016e-07 5.6141992748360608e-08 4.6470004243195898e-07 1.1786612473104313e-05 4.6470004243195898e-07 3.6461965085517661e-05</location_covariance>
        <orientation>1</orientation>
        <reference x="-83.580307660000003" y="31.435977449999999" z="54.369999999999997" yaw="181.30000000000001" pitch="0.099999999999993788" roll="-0" enabled="true" rotation_enabled="false"/>
      </camera>
      <camera id="16" sensor_id="0" component_id="0" label="1_DJI_0017">
        <transform>-9.3763526977895006e-01 -1.2193588601400304e-01 -3.2553300995219325e-01 -3.4668745910670182e+01 -1.2369982272615333e-01 9.9220082767907347e-01 -1.5358105693072832e-02 -4.7472778806893828e+01 3.2486682613660778e-01 2.5868074047779632e-02 -9.4540593821965468e-01 1.1874395068781727e+01 0 0 0 1</transform>
        <rotation_covariance>1.9613642114678306e-09 -1.3745166567843477e-09 -3.3135800108192904e-11 -1.3745166567843473e-09 8.2402910493214462e-09 8.9394987387734971e-11 -3.3135800108192879e-11 8.9394987387734997e-11 5.2376954549544643e-10</rotation_covariance>
        <location_covariance>1.7538610413931371e-06 8.7965438836781209e-08 4.8334868555403721e-06 8.7965438836781209e-08 1.1127419539572915e-07 2.6062182511746835e-07 4.8334868555403721e-06 2.6062182511746835e-07 1.4334832817221548e-05</location_covariance>
        <orientation>1</orientation>
        <reference x="-83.579439620000002" y="31.437493750000002" z="57.82" yaw="0" pitch="0.099999999999993788" roll="-0" enabled="true" rotation_enabled="false"/>
      </camera>
      <camera id="17" sensor_id="0" component_id="0" label="1_DJI_0018">
        <transform>9.5097821905721336e-01 2.4676412682628594e-02 -3.0827179815203226e-01 -8.4137686020826106e+00 1.4928251549224631e-02 -9.9931234712687611e-01 -3.3940833599929221e-02 1.0851833390457871e+01 -3.0889735218103398e-01 2.7675034541833218e-02 -9.5069265184845864e-01 1.7811423633862569e+00 0 0 0 1</transform>
        <rotation_covariance>2.8385841071478865e-09 1.0928274211373476e-09 -3.1836600962751862e-10 1.0928274211373476e-09 2.7870958885940615e-09 -2.1339266999510152e-11 -3.1836600962751862e-10 -2.1339266999510097e-11 4.9665961476502690e-10</rotation_covariance>
        <location_covariance>3.7764575382067253e-06 1.1348651429502757e-07 1.1386021579353919e-05 1.1348651429502757e-07 6.3550295547724864e-08 3.4957003056156509e-07 1.1386021579353919e-05 3.4957003056156509e-07 3.5007239579482574e-05</location_covariance>
        <orientation>1</orientation>
        <reference x="-83.580309490000005" y="31.435924199999999" z="54.270000000000003" yaw="180.90000000000001" pitch="0.099999999999993788" roll="-0" enabled="true" rotation_enabled="false"/>
      </camera>
      <camera id="18" sensor_id="0" component_id="0" label="1_DJI_0019">
        <transform>-9.3946648331289406e-01 -1.0762306038245027e-01 -3.2529986720811893e-01 -3.4728091357006306e+01 -1.0819735619310542e-01 9.9399445419917720e-01 -1.6381609630968574e-02 -4.9456056642307253e+01 3.2510930291907458e-01 1.9806612410875446e-02 -9.4546900491781261e-01 1.1929227322689735e+01 0 0 0 1</transform>
        <rotation_covariance>1.7161616342346641e-09 -9.1498915520350207e-10 -1.6931880460243460e-11 -9.1498915520350217e-10 8.5344029019027502e-09 6.5431362663816369e-11 -1.6931880460243512e-11 6.5431362663816382e-11 5.5785577057759349e-10</rotation_covariance>
        <location_covariance>1.7469034476641412e-06 1.1299680332288589e-07 4.8086317543545441e-06 1.1299680332288589e-07 1.1971172203326219e-07 3.3282179154823559e-07 4.8086317543545441e-06 3.3282179154823559e-07 1.4279353006224363e-05</location_covariance>
        <orientation>1</orientation>
        <reference x="-83.579437650000003" y="31.43754702" z="57.520000000000003" yaw="0.59999999999999998" pitch="0.099999999999993788" roll="-0" enabled="true" rotation_enabled="false"/>
      </camera>
      <camera id="19" sensor_id="0" component_id="0" label="1_DJI_0020">
        <transform>9.5112553186007198e-01 1.6849296058890226e-02 -3.0834448895061267e-01 -8.3786637830933213e+00 6.8977294013791495e-03 -9.9942040345761396e-01 -3.3335843798024262e-02 1.2794414286814110e+01 -3.0872745905247878e-01 2.9579695315212290e-02 -9.5069048467524864e-01 1.6939352941354822e+00 0 0 0 1</transform>
        <rotation_covariance>3.1062893670800201e-09 1.2646893072157433e-09 -3.2582740161575402e-10 1.2646893072157433e-09 2.5904943635343515e-09 5.3575535305956891e-11 -3.2582740161575402e-10 5.3575535305956878e-11 5.3693596886980250e-10</rotation_covariance>
        <location_covariance>3.8603321252595450e-06 8.5066902997196634e-08 1.1619380956853448e-05 8.5066902997196634e-08 6.5885980602407508e-08 2.6609162121408316e-07 1.1619380956853448e-05 2.6609162121408316e-07 3.5677875845709730e-05</location_covariance>
        <orientation>1</orientation>
        <reference x="-83.580310549999993" y="31.435872190000001" z="54.369999999999997" yaw="181.40000000000001" pitch="0.099999999999993788" roll="-0" enabled="true" rotation_enabled="false"/>
      </camera>
      <camera id="20" sensor_id="0" component_id="0" label="1_DJI_0021">
        <transform>-9.4021020114950882e-01 -1.0009795404663739e-01 -3.2555364726889030e-01 -3.4620575273911768e+01 -1.0008575514433619e-01 9.9483644572359786e-01 -1.6831157928874407e-02 -5.1488815115615736e+01 3.2555739781425297e-01 1.6758456245013043e-02 -9.4537375406380719e-01 1.2021492590871375e+01 0 0 0 1</transform>
        <rotation_covariance>1.6725856603827073e-09 -5.9113524571763760e-10 -1.8515746440253715e-11 -5.9113524571763760e-10 8.7951021111369213e-09 3.2220324753939158e-11 -1.8515746440253741e-11 3.2220324753939158e-11 5.8424834485547779e-10</rotation_covariance>
        <location_covariance>1.9295874726683683e-06 1.4396171156488321e-07 5.3163315597835962e-06 1.4396171156488321e-07 1.2868334247281190e-07 4.2207014939134926e-07 5.3163315597835962e-06 4.2207014939134926e-07 1.5748729459651512e-05</location_covariance>
        <orientation>1</orientation>
        <reference x="-83.57944037" y="31.437601950000001" z="58.219999999999999" yaw="0.5" pitch="0.099999999999993788" roll="-0" enabled="true" rotation_enabled="false"/>
      </camera>
      <camera id="21" sensor_id="0" component_id="0" label="1_DJI_0022">
        <transform>9.5084105751239667e-01 3.2495558709457133e-02 -3.0796967709965756e-01 -8.3099514258027316e+00 2.3426860217949194e-02 -9.9917746790589890e-01 -3.3099393491179276e-02 1.4829932451370503e+01 -3.0879194544067334e-01 2.4257499733391214e-02 -9.5082022913779485e-01 1.6152515436871142e+00 0 0 0 1</transform>
        <rotation_covariance>2.9889470908230933e-09 1.4936310219160315e-09 -1.8468849589815387e-11 1.4936310219160315e-09 2.4921867250903687e-09 6.5451856089511802e-11 -1.8468849589815400e-11 6.5451856089511853e-11 2.7845121177638869e-10</rotation_covariance>
        <location_covariance>3.9931592766235291e-06 7.6924324689930893e-08 1.2041784971020961e-05 7.6924324689930893e-08 5.8070238483534363e-08 2.4019676042585401e-07 1.2041784971020961e-05 2.4019676042585401e-07 3.7045568248672619e-05</location_covariance>
        <orientation>1</orientation>
        <reference x="-83.580313079999996" y="31.435817409999999" z="54.469999999999999" yaw="180.40000000000003" pitch="0.099999999999993788" roll="-0" enabled="true" rotation_enabled="false"/>
      </camera>
      <camera id="22" sensor_id="0" component_id="0" label="1_DJI_0023">
        <transform>9.5147561982759821e-01 1.4726380270857363e-02 -3.0737156439365848e-01 -8.3273516892645798e+00 4.4587031910260757e-03 -9.9940915015735021e-01 -3.4080354276580301e-02 1.5800526757964631e+01 -3.0769183421004398e-01 3.1056147634261032e-02 -9.5097910116604434e-01 1.4984591232763971e+00 0 0 0 1</transform>
        <rotation_covariance>2.8901937132347197e-09 1.5379913816377379e-09 -3.4150028411940052e-12 1.5379913816377381e-09 2.4784942594167956e-09 7.6096965597340776e-11 -3.4150028411940052e-12 7.6096965597340828e-11 2.8604783585439866e-10</rotation_covariance>
        <location_covariance>3.7800405297327531e-06 8.8364128971172889e-08 1.1435848209562073e-05 8.8364128971172889e-08 5.8907462671204625e-08 2.7566167534924233e-07 1.1435848209562073e-05 2.7566167534924233e-07 3.5332795148427407e-05</location_covariance>
        <orientation>1</orientation>
        <reference x="-83.580313630000006" y="31.435791330000001" z="54.469999999999999" yaw="181.59999999999999" pitch="0.099999999999993788" roll="-0" enabled="true" rotation_enabled="false"/>
      </camera>
      <camera id="23" sensor_id="0" component_id="0" label="1_DJI_0024">
        <transform>-9.4060047679756487e-01 -1.0157240002055262e-01 -3.2396572442506494e-01 -3.4849960588212227e+01 -1.0141122096110301e-01 9.9469194130304561e-01 -1.7427167582730455e-02 -5.4475829202205972e+01 3.2401621458095370e-01 1.6461757525946780e-02 -9.4590829535837462e-01 1.2361348716086523e+01 0 0 0 1</transform>
        <rotation_covariance>1.7751444667027112e-09 -2.9899558710607384e-10 -1.5994176542590772e-11 -2.9899558710607373e-10 9.0679613104310120e-09 -2.5671226606339516e-12 -1.5994176542590720e-11 -2.5671226606339920e-12 6.5074119504144942e-10</rotation_covariance>
        <location_covariance>2.3520667466557502e-06 2.0554945014178972e-07 6.5635946988969776e-06 2.0554945014178972e-07 1.4491882827695673e-07 6.0283002145705954e-07 6.5635946988969776e-06 6.0283002145705954e-07 1.9593050751267287e-05</location_covariance>
        <orientation>1</orientation>
        <reference x="-83.579430450000004" y="31.437682410000001" z="57.719999999999999" yaw="0" pitch="0.099999999999993788" roll="-0" enabled="true" rotation_enabled="false"/>
      </camera>
      <camera id="24" sensor_id="0" component_id="0" label="1_DJI_0025">
        <transform>-9.3949275737395310e-01 -1.1103579859895772e-01 -3.2407469859799010e-01 -3.4817146388024113e+01 -1.1152651877545620e-01 9.9361396907589217e-01 -1.7120632788532264e-02 -5.5394601156946337e+01 3.2390615068521661e-01 2.0058212451353752e-02 -9.4587656364958228e-01 1.2371370331792956e+01 0 0 0 1</transform>
