<?xml version="1.0" encoding="UTF-8"?>
<document version="1.5.0">
  <chunk label="Chunk 1" enabled="true">
    <sensors next_id="1">
      <sensor id="0" label="FC6310S (8.8mm)" type="frame">
        <resolution width="5472" height="3648"/>
        <property name="pixel_width" value="0.0024122807017543861"/>
        <property name="pixel_height" value="0.0024122807017543861"/>
        <property name="focal_length" value="8.8000000000000007"/>
        <property name="layer_index" value="0"/>
        <bands>
          <band label="Red"/>
          <band label="Green"/>
          <band label="Blue"/>
        </bands>
        <data_type>uint8</data_type>
        <calibration type="frame" class="adjusted">
          <resolution width="5472" height="3648"/>
          <f>3542.2010440383028</f>
          <cx>3.2895708042243506</cx>
          <cy>-0.62107204774320757</cy>
          <k1>-0.010486626505341266</k1>
          <k2>0.0031721262931036194</k2>
          <k3>0.0039665154010018753</k3>
          <p1>0.00083687135437010096</p1>
          <p2>-0.00085291007363843554</p2>
        </calibration>
        <covariance>
          <params>f cx cy k1 k2 k3 p1 p2</params>
          <coeffs>1.3082438236389855e+01 2.9008732569794993e-01 1.6115813550415398e-01 -8.1424267826446498e-05 4.9031393198178375e-05 8.6111569629518809e-05 3.0139807562565624e-06 -3.5875652838120646e-06 2.9008732569794993e-01 1.4614685451033744e-02 3.9860181953938799e-03 -1.8234719021324731e-06 1.1489275515235231e-06 1.8541559577884237e-06 6.4113344785188600e-08 -8.3813494223199709e-08 1.6115813550415398e-01 3.9860181953938799e-03 5.2515655133578698e-03 -1.0037311327039622e-06 6.0298807964931126e-07 1.0642764992648055e-06 3.6152659506108221e-08 -4.3746673345988778e-08 -8.1424267826446498e-05 -1.8234719021324731e-06 -1.0037311327039622e-06 5.6968685318755120e-10 -4.6321197451809358e-10 -4.1877917286783792e-10 -1.8894777056599956e-11 2.2370064152635998e-11 4.9031393198178375e-05 1.1489275515235231e-06 6.0298807964931126e-07 -4.6321197451809358e-10 6.2784310513101026e-10 -2.4079823389472696e-11 1.1219827336252992e-11 -1.3434759214912790e-11 8.6111569629518809e-05 1.8541559577884237e-06 1.0642764992648055e-06 -4.1877917286783792e-10 -2.4079823389472696e-11 8.4805809200899985e-10 2.0004801523816648e-11 -2.3595067217645391e-11 3.0139807562565624e-06 6.4113344785188600e-08 3.6152659506108221e-08 -1.8894777056599956e-11 1.1219827336252992e-11 2.0004801523816648e-11 1.1498058493389015e-12 -9.0989543248379398e-13 -3.5875652838120646e-06 -8.3813494223199709e-08 -4.3746673345988778e-08 2.2370064152635998e-11 -1.3434759214912790e-11 -2.3595067217645391e-11 -9.0989543248379398e-13 2.0449158074142134e-12</coeffs>
        </covariance>
        <meta>
          <property name="Exif/BodySerialNumber" value="91729d101b4029bd904de8ef6494c684"/>
          <property name="Exif/Make" value="DJI"/>
          <property name="Exif/Model" value="FC6310S"/>
          <property name="Exif/Software" value="v01.08.1719"/>
        </meta>
      </sensor>
    </sensors>
    <components next_id="1" active_id="0">
      <component id="0" label="Component 1">
        <transform>
          <rotation locked="true">-9.9450151765692396e-01 5.0144720128545274e-04 1.0472096222236800e-01 -8.8479292604009122e-02 -5.3894854835637684e-01 -8.3767886269431902e-01 5.6019158850954286e-02 -8.4233853691687299e-01 5.3602951697306178e-01</rotation>
          <translation locked="true">6.0906258031827037e+05 -5.4128733506587194e+06 3.3072524779796097e+06</translation>
          <scale locked="true">3.0823776348446192e+00</scale>
        </transform>
        <region>
          <center>2.5413257881815854e+00 -4.2089504859600183e+01 -2.5869165622003099e+00</center>
          <size>1.2527142869296597e+02 6.4878803907133317e+01 2.0195558010335869e+01</size>
          <R>-2.3330221741047603e-02 -9.9956766891309112e-01 1.7893462972899104e-02 9.9968440926260305e-01 -2.3492253040728633e-02 -8.8992091980488550e-03 9.3157195531978904e-03 1.7680195437814395e-02 9.9980029408801785e-01</R>
        </region>
        <partition>
          <partition>
            <partition>
              <partition>
                <camera_ids>92 93 407 408 409 410 411 412 413 414 415 416 417 418 419 420 578 579 580 581 582 583 584 585 586 587 588 589 590 591 592 593 594 595 596 597 598 767 768 769 770 771 772 773 774 775 776 777 778 779 780 781 782 952 953 956</camera_ids>
              </partition>
              <partition>
                <camera_ids>1 3 5 8 9 11 15 18 19 22 24 26 28 29 31 32 33 38 39 43 46 50 51 53 54 56 57 132 135 137 138 139 141 142 144 145 146 147 148 152 153 154 157 158 161 162 163 164 168 169 172 173 175 178 180 182 183 185 186 187 190 191 193 195 196 197 199 385 386 387 388 389 390 391 392 393 394 395 396 397 398 399 400 401 402 403 404 405 406 421 422 423 424 425 426 427 428 862 864 866 868 869 872 874 875 876 878 879 882 883 885 887 889 892 896 897 898 899 902 903 904 906 907 909 910 911 914 917 920 996 998 999 1001 1005 1008 1014 1015 1016 1020 1021 1024 1025 1030 1031 1032 1035 1036 1039 1041 1042 1044 1046 1049 1053 1054 1057 1059 1063 1065 1194 1195 1196 1197 1198 1199 1200 1201 1202 1203 1204 1205 1206 1207 1208 1209 1210 1211 1212 1213 1214 1215 1216 1217 1218 1219 1220 1221 1222 1223 1224 1225 1226 1227 1228 1229 1230 1231 1232 1233 1234 1235 1236 1237 1238 1239 1240 1241 1242 1243 1244 1245 1246 1247</camera_ids>
              </partition>
            </partition>
            <partition>
              <partition>
                <camera_ids>75 76 77 78 80 83 109 111 112 113 114 115 118 119 120 122 124 125 126 128 129 131 133 134 136 140 232 234 235 238 240 242 243 246 248 249 250 253 255 257 260 263 941 943 944 973 975 981 982 986 988 992 995 997 1000 1002 1003 1004 1006 1007 1096 1098 1101 1102 1104 1106 1109 1110 1112 1116 1117 1119 1121 1123 1124 1126 1127 1129 1130</camera_ids>
              </partition>
              <partition>
                <camera_ids>55 58 59 61 63 65 66 67 68 69 70 72 73 84 88 96 97 102 103 106 107 569 570 571 572 573 574 575 576 577 599 600 601 602 603 604 605 606 607 608 609 610 611 612 613 614 615 616 617 618 619 620 621 622 623 624 625 626 627 738 739 740 741 742 743 744 745 746 747 748 749 750 751 752 753 754 755 756 757 758 759 760 761 762 763 764 765 766 783 784 785 786 787 788 789 790 791 792 793 794 795 796 797 798 799 800 801 802 803 804 805 806 807 808 809 810 811 812 813 814 815 816 918 919 922 924 926 933 936 947 948 949 951 960 963 964 965 966 969 970</camera_ids>
              </partition>
              <partition>
                <camera_ids>6 7 10 12 13 14 16 17 20 21 23 25 27 30 34 35 36 37 40 41 42 44 45 47 48 49 52 150 151 155 156 159 160 165 166 167 170 171 174 176 177 179 181 184 188 189 192 817 818 819 820 821 822 823 824 825 826 827 828 829 830 831 832 833 834 835 836 837 838 839 840 867 870 871 873 877 880 881 884 886 888 890 891 893 894 895 900 901 905 908 912 913 915 916 1017 1018 1019 1022 1023 1026 1027 1028 1029 1033 1034 1037 1038 1040 1043 1045 1047 1048 1050 1051 1052 1055 1056</camera_ids>
              </partition>
              <partition>
                <camera_ids>143 149 194 198 200 201 203 205 206 207 208 209 210 213 214 216 221 229 266 267 272 275 276 279 282 283 285 286 287 288 289 292 293 294 295 296 299 303 304 1009 1010 1011 1012 1013 1058 1060 1061 1062 1064 1067 1069 1076 1077 1080 1082 1083 1084 1085 1087 1088 1089 1090 1091 1092 1093 1095 1133 1134 1135 1136 1138 1139 1142 1143 1145 1146 1149 1155 1156 1162 1163 1165 1166 1167 1170</camera_ids>
              </partition>
            </partition>
            <partition>
              <partition>
                <camera_ids>202 204 211 212 215 217 218 219 220 222 223 224 225 226 227 228 230 231 233 236 237 291 297 298 300 301 302 305 1066 1068 1070 1071 1072 1073 1074 1075 1078 1079 1081 1086 1094 1097 1099 1100 1103 1157 1158 1159 1160 1161 1164 1168 1169 1171 1172 1173 1174 1175 1176 1177 1178 1179 1180 1181 1182 1183 1184 1185 1186 1187 1188 1189 1190 1191 1192 1193</camera_ids>
              </partition>
              <partition>
                <camera_ids>347 348 349 350 351 352 353 354 355 356 357 358 359 360 361 362 363 364 365 366 367 368 369 370 371 372 373 374 375 376 377 378 379 380 381 382 383 384 1248 1249 1250 1251 1252 1253 1254 1255 1256 1257 1258 1259 1260 1261 1262 1263 1264 1265 1266 1267 1268 1269 1270 1271 1272 1273 1274 1275 1276 1277 1278 1279 1280 1281 1282 1283 1284 1285 1286 1287</camera_ids>
              </partition>
              <partition>
                <camera_ids>60 62 64 71 74 79 81 82 85 86 87 89 90 91 94 95 98 99 100 101 104 105 108 110 116 117 121 123 127 130 239 241 244 245 247 251 252 254 256 258 259 261 262 264 265 268 269 270 271 273 274 277 278 280 281 284 290 306 307 308 309 310 311 312 313 314 921 923 925 927 928 929 930 931 932 934 935 937 938 939 940 942 945 946 950 954 955 957 958 959 961 962 967 968 971 972 974 976 977 978 979 980 983 984 985 987 989 990 991 993 994 1105 1107 1108 1111 1113 1114 1115 1118 1120 1122 1125 1128 1131 1132 1137 1140 1141 1144 1147 1148 1150 1151 1152 1153 1154 1288 1289 1290 1291 1292 1293 1294 1295 1296 1297 1298 1299 1300 1301 1302 1303 1304</camera_ids>
              </partition>
            </partition>
          </partition>
          <partition>
            <partition>
              <partition>
                <camera_ids>429 430 431 432 433 434 435 436 437 438 439 440 441 442 443 444 445 446 447 448 449 450 451 452 453 454 455 456 457 458 459 460 461 462 463 464 465 466 467 468 469 470 527 528 529 530 531 532 533 534 535 536 537 538 539 540 541 542 543 544 545 546 547 548 549 550 551 552 553 554 555 556 557 558 559 560 561 562 563 564 565 566 567 568 628 629 630 631 632 633 634 635 636 637 638 727 728 729 730 731 732 733 734 735 736 737</camera_ids>
              </partition>
              <partition>
                <camera_ids>315 316 317 318 319 320 321 322 323 324 325 326 327 328 329 330 331 332 333 334 335 336 337 338 339 340 341 342 343 344 345 346 471 472 473 474 475 476 477 478 479 480 481 482 483 484 485 486 487 488 489 490 491 492 493 494 495 496 497 498</camera_ids>
              </partition>
            </partition>
            <partition>
              <partition>
                <camera_ids>499 500 501 502 503 504 505 506 507 508 509 510 511 512 513 514 515 516 517 518 519 520 521 522 523 524 525 526 657 658 659 660 661 662 663 664 665 666 667 668 669 670 671 672 673 674 675 676 677 678 679 680 681 682</camera_ids>
              </partition>
              <partition>
                <camera_ids>0 2 4 639 640 641 642 643 644 645 646 647 648 649 650 651 652 653 654 655 656 683 684 685 686 687 688 689 690 691 692 693 694 695 696 697 698 699 700 701 702 703 704 705 706 707 708 709 710 711 712 713 714 715 716 717 718 719 720 721 722 723 724 725 726 841 842 843 844 845 846 847 848 849 850 851 852 853 854 855 856 857 858 859 860 861 863 865</camera_ids>
              </partition>
            </partition>
          </partition>
        </partition>
      </component>
    </components>
    <cameras next_id="1305" next_group_id="0">
      <camera id="0" sensor_id="0" component_id="0" label="1_DJI_0557">
        <transform>-9.8332715830758488e-01 -1.8046986076416766e-01 -2.2323285835472786e-02 -2.3655613762268155e+00 -1.8023018014835851e-01 9.8354710479429097e-01 -1.2335915631147415e-02 -8.2485369902150509e+01 2.4182264129326357e-02 -8.1069110350675821e-03 -9.9967469513589702e-01 1.3067643304861087e+00 0 0 0 1</transform>
        <rotation_covariance>3.7715999036559444e-09 5.7955111728040988e-11 1.4091676949260591e-10 5.7955111728041085e-11 5.5468057008553983e-09 -1.1131964897037236e-10 1.4091676949260591e-10 -1.1131964897037236e-10 5.7414737636441355e-10</rotation_covariance>
        <location_covariance>1.3658251710560878e-07 3.5615846668954149e-09 7.5675673148599530e-08 3.5615846668954149e-09 1.1332115048810777e-07 3.1042578813857642e-07 7.5675673148599530e-08 3.1042578813857642e-07 9.4187054965088878e-06</location_covariance>
        <orientation>1</orientation>
        <reference x="-83.579753690000004" y="31.437989869999999" z="82.870000000000005" yaw="359.70000000000005" pitch="0.099999999999993788" roll="-0" enabled="true" rotation_enabled="false"/>
      </camera>
      <camera id="1" sensor_id="0" component_id="0" label="1_DJI_0558">
        <transform>9.9162195182858293e-01 1.2894283922134783e-01 7.7232677804793572e-03 1.9589889263212630e+01 1.2911826956116054e-01 -9.9117644356295997e-01 -2.9962145974768768e-02 -1.4855174219676572e+01 3.7917169201887634e-03 3.0708336643646084e-02 -9.9952119584497934e-01 -1.3595388923023036e-01 0 0 0 1</transform>
        <rotation_covariance>8.0436952064866159e-09 -2.6530260202353768e-11 -1.4938754757187762e-11 -2.6530260202353813e-11 4.7795972994421315e-09 6.2273549513993084e-11 -1.4938754757187756e-11 6.2273549513993097e-11 1.0419036068781871e-09</rotation_covariance>
        <location_covariance>1.1587490172550485e-07 -1.0083026382429370e-08 -1.6139706150172663e-07 -1.0083026382429370e-08 1.4970058588472083e-07 1.5950747525423975e-07 -1.6139706150172663e-07 1.5950747525423975e-07 1.3746297273369021e-05</location_covariance>
        <orientation>1</orientation>
        <reference x="-83.580613740000004" y="31.436148410000001" z="80.829999999999998" yaw="179.69999999999996" pitch="0.099999999999993788" roll="-0" enabled="true" rotation_enabled="false"/>
      </camera>
      <camera id="2" sensor_id="0" component_id="0" label="1_DJI_0559">
        <transform>-9.8685390230677705e-01 -1.6007696719938283e-01 -2.2242753294800927e-02 -2.2406161810502145e+00 -1.5984390261019135e-01 9.8707057536720266e-01 -1.1899833721653374e-02 -8.4409065125592804e+01 2.3860056584789114e-02 -8.1880288535787771e-03 -9.9968177630847288e-01 1.3120236845120445e+00 0 0 0 1</transform>
        <rotation_covariance>8.0813507518416662e-09 -2.0804667393985539e-10 3.6069623623197213e-10 -2.0804667393985526e-10 6.0577001916062120e-09 -3.5581519603634043e-10 3.6069623623197213e-10 -3.5581519603634038e-10 9.2467311913562202e-10</rotation_covariance>
        <location_covariance>1.5949931071350636e-07 -3.7363281877162843e-09 7.0299752722257809e-08 -3.7363281877162843e-09 1.6815514403505145e-07 3.5148752794770372e-07 7.0299752722257809e-08 3.5148752794770372e-07 9.4706231870564555e-06</location_covariance>
        <orientation>1</orientation>
        <reference x="-83.579753490000002" y="31.438044699999999" z="82.769999999999996" yaw="0.59999999999999998" pitch="0.099999999999993788" roll="-0" enabled="true" rotation_enabled="false"/>
      </camera>
      <camera id="3" sensor_id="0" component_id="0" label="1_DJI_0560">
        <transform>9.9796102605802450e-01 6.3619597147199294e-02 5.1319906511369338e-03 1.9459979886167254e+01 6.3752456267908528e-02 -9.9744512826546428e-01 -3.2231047443416060e-02 -1.3039154719904388e+01 3.0683528192980464e-03 3.2492506187110290e-02 -9.9946726922528939e-01 -1.0822649672532897e-01 0 0 0 1</transform>
        <rotation_covariance>1.1943512724128602e-09 3.4431915677330635e-10 6.2132096906012080e-11 3.4431915677330635e-10 2.3277454958937139e-09 7.0144643047558815e-11 6.2132096906012092e-11 7.0144643047558828e-11 2.9593317793849860e-10</rotation_covariance>
        <location_covariance>6.9520343482363588e-08 6.8926059516234662e-10 -9.3343041803618519e-08 6.8926059516234662e-10 5.8634666410821747e-08 1.5917250584179722e-07 -9.3343041803618519e-08 1.5917250584179722e-07 1.4487946173040317e-05</location_covariance>
        <orientation>1</orientation>
        <reference x="-83.580613170000007" y="31.436097019999998" z="80.629999999999995" yaw="179.39999999999998" pitch="0.099999999999993788" roll="-0" enabled="true" rotation_enabled="false"/>
      </camera>
      <camera id="4" sensor_id="0" component_id="0" label="1_DJI_0561">
        <transform>-9.8381541447013499e-01 -1.7772199932636021e-01 -2.2849971693564054e-02 -2.0858329514666645e+00 -1.7749330765967805e-01 9.8405256378089956e-01 -1.1690913234942930e-02 -8.6284011838215221e+01 2.4563305701437738e-02 -7.4459835939490945e-03 -9.9967054640083119e-01 1.3206488503576299e+00 0 0 0 1</transform>
        <rotation_covariance>2.0943053881233757e-08 -5.3459406622469575e-11 5.1005787386506192e-10 -5.3459406622470531e-11 7.8990346216582714e-09 -8.8489473634786975e-10 5.1005787386506192e-10 -8.8489473634786995e-10 3.2770180008427458e-09</rotation_covariance>
        <location_covariance>2.1887244845889091e-07 -2.1922175942338119e-08 6.4747963071140395e-08 -2.1922175942338119e-08 3.7868022197355644e-07 4.3642441235955294e-07 6.4747963071140395e-08 4.3642441235955294e-07 9.6365590931937528e-06</location_covariance>
        <orientation>1</orientation>
        <reference x="-83.57975467" y="31.438096760000001" z="82.969999999999999" yaw="359.60000000000002" pitch="0.099999999999993788" roll="-0" enabled="true" rotation_enabled="false"/>
      </camera>
      <camera id="5" sensor_id="0" component_id="0" label="1_DJI_0562">
        <transform>9.9786633541397096e-01 6.5150397190077231e-02 4.2664263110411341e-03 1.9400061434873145e+01 6.5253855234752342e-02 -9.9735554833480111e-01 -3.1997571513938006e-02 -1.1148202168028208e+01 2.1704894596274852e-03 3.2207700193630284e-02 -9.9947884070836768e-01 -8.2401663581881626e-02 0 0 0 1</transform>
        <rotation_covariance>9.4538516372082769e-10 4.2421538141477757e-10 3.6129365088912918e-11 4.2421538141477767e-10 2.1240071901092438e-09 6.8745371642289220e-11 3.6129365088912924e-11 6.8745371642289220e-11 2.3623680874938631e-10</rotation_covariance>
        <location_covariance>6.6939103531404745e-08 2.4623817647167537e-09 -6.5243616601150554e-08 2.4623817647167537e-09 5.4383901595079977e-08 1.3775058637393459e-07 -6.5243616601150554e-08 1.3775058637393459e-07 1.5317280471944819e-05</location_covariance>
        <orientation>1</orientation>
        <reference x="-83.580614760000003" y="31.436043649999998" z="80.829999999999998" yaw="180.09999999999999" pitch="0.099999999999993788" roll="-0" enabled="true" rotation_enabled="false"/>
      </camera>
      <camera id="6" sensor_id="0" component_id="0" label="1_DJI_0563">
        <transform>9.8155606070598744e-01 1.9117308684783399e-01 7.4199488820992851e-04 -4.6021970651093627e+00 1.9115065175473206e-01 -9.8136474789196992e-01 -1.9612749135995700e-02 -8.5256384758499053e+01 -3.0212621674952237e-03 1.9392845588022692e-02 -9.9980737620549409e-01 1.3182715823454192e+00 0 0 0 1</transform>
        <rotation_covariance>1.2822756249692970e-08 2.2974941364005421e-09 1.0605402726395796e-09 2.2974941364005421e-09 7.0009930274107657e-09 9.1172126418420148e-10 1.0605402726395793e-09 9.1172126418420137e-10 2.2417451049905218e-09</rotation_covariance>
        <location_covariance>2.0081516314352851e-07 2.1879995194133354e-08 9.1138237086955256e-08 2.1879995194133354e-08 2.2694738943846450e-07 3.5300698554167194e-07 9.1138237086955256e-08 3.5300698554167194e-07 9.3110955003510213e-06</location_covariance>
        <orientation>1</orientation>
        <reference x="-83.579673459999995" y="31.438064229999998" z="82.870000000000005" yaw="178.30000000000001" pitch="0.099999999999993788" roll="-0" enabled="true" rotation_enabled="false"/>
      </camera>
      <camera id="7" sensor_id="0" component_id="0" label="1_DJI_0564">
        <transform>9.8659747889799387e-01 1.6317131240277646e-01 7.3310359329447142e-04 -4.6225653463759286e+00 1.6315365758594821e-01 -9.8640171608619576e-01 -1.9812584852478624e-02 -8.4278206070579216e+01 -2.5097108299756824e-03 1.9666654798543445e-02 -9.9980344270290700e-01 1.2999348639185702e+00 0 0 0 1</transform>
        <rotation_covariance>6.0391889115780356e-09 9.5052262850312287e-10 7.2033003379928156e-10 9.5052262850312266e-10 6.0979387245941829e-09 5.1706400801409470e-10 7.2033003379928156e-10 5.1706400801409470e-10 1.3461416604713776e-09</rotation_covariance>
        <location_covariance>1.7205342586101465e-07 1.5649142731068226e-08 8.1812810691970257e-08 1.5649142731068226e-08 1.4424129819546145e-07 3.0991278957383174e-07 8.1812810691970257e-08 3.0991278957383174e-07 9.1747223760938710e-06</location_covariance>
        <orientation>1</orientation>
        <reference x="-83.579674990000001" y="31.438036960000002" z="82.769999999999996" yaw="179.59999999999997" pitch="0.099999999999993788" roll="-0" enabled="true" rotation_enabled="false"/>
      </camera>
      <camera id="8" sensor_id="0" component_id="0" label="1_DJI_0565">
        <transform>9.9641364826405665e-01 8.4546963446359161e-02 3.4135795160717582e-03 1.9243475843149056e+01 8.4611972235193872e-02 -9.9594297044447155e-01 -3.0633540061711210e-02 -8.3562459295874270e+00 8.0975773125483244e-04 3.0812507107369304e-02 -9.9952485396721125e-01 -8.8803987378478180e-02 0 0 0 1</transform>
        <rotation_covariance>9.3251661846255955e-10 4.2299536372462271e-10 6.4564099628010878e-11 4.2299536372462271e-10 2.0162398922711515e-09 6.6244715915481532e-11 6.4564099628010891e-11 6.6244715915481519e-11 2.3154695834830992e-10</rotation_covariance>
        <location_covariance>6.7332304189525529e-08 2.1644150349468286e-09 -3.4202671233872179e-08 2.1644150349468286e-09 5.5370502461182997e-08 9.0711099377561124e-08 -3.4202671233872179e-08 9.0711099377561124e-08 1.6242136384121639e-05</location_covariance>
        <orientation>1</orientation>
        <reference x="-83.58061472" y="31.435966010000001" z="80.829999999999998" yaw="179.90000000000001" pitch="0.099999999999993788" roll="-0" enabled="true" rotation_enabled="false"/>
      </camera>
      <camera id="9" sensor_id="0" component_id="0" label="1_DJI_0566">
        <transform>9.9592365073317768e-01 9.0152409071902098e-02 2.9368433448826677e-03 1.9190714139460798e+01 9.0200072125063022e-02 -9.9545521730714182e-01 -3.0542713118263863e-02 -7.4337649062631419e+00 1.6999686287373446e-04 3.0683113833565877e-02 -9.9952914796245085e-01 -1.1368977207141839e-01 0 0 0 1</transform>
        <rotation_covariance>9.3842662949699180e-10 4.2049644794459582e-10 7.5223445309272780e-11 4.2049644794459587e-10 1.9846137354626053e-09 6.2620934739006153e-11 7.5223445309272780e-11 6.2620934739006166e-11 2.2864598967096046e-10</rotation_covariance>
        <location_covariance>6.7902320960993810e-08 2.1142471823020718e-09 -1.6072273829700321e-08 2.1142471823020718e-09 5.6089438339766926e-08 8.2750703140787271e-08 -1.6072273829700321e-08 8.2750703140787271e-08 1.6372782138788826e-05</location_covariance>
        <orientation>1</orientation>
        <reference x="-83.580614710000006" y="31.435940080000002" z="80.829999999999998" yaw="179.80000000000001" pitch="0.099999999999993788" roll="-0" enabled="true" rotation_enabled="false"/>
      </camera>
      <camera id="10" sensor_id="0" component_id="0" label="1_DJI_0567">
        <transform>9.9106294052428967e-01 1.3339143923580554e-01 9.8582855967678865e-04 -4.7733917912859685e+00 1.3338314213988814e-01 -9.9084829280807385e-01 -2.0702609309365086e-02 -8.1325887496456815e+01 -1.7847443063556062e-03 2.0649081769565841e-02 -9.9978519198367533e-01 1.3290853456475136e+00 0 0 0 1</transform>
        <rotation_covariance>3.3649725257947264e-09 3.3012729136824995e-10 3.4325124226691641e-10 3.3012729136825005e-10 5.2747185024800046e-09 2.0961360226072243e-10 3.4325124226691636e-10 2.0961360226072243e-10 7.1775423639908592e-10</rotation_covariance>
        <location_covariance>1.3823431398274638e-07 5.5271272428547730e-09 6.7952273120496217e-08 5.5271272428547730e-09 1.0898152376442220e-07 2.8359890517044301e-07 6.7952273120496217e-08 2.8359890517044301e-07 9.3589304352076695e-06</location_covariance>
        <orientation>1</orientation>
        <reference x="-83.579676620000001" y="31.43795575" z="82.870000000000005" yaw="180.40000000000003" pitch="0.099999999999993788" roll="-0" enabled="true" rotation_enabled="false"/>
      </camera>
      <camera id="11" sensor_id="0" component_id="0" label="1_DJI_0568">
        <transform>9.9559706275314253e-01 9.3692860290065294e-02 2.8524669990794716e-03 1.9071013364322479e+01 9.3736224592568820e-02 -9.9516599546973861e-01 -2.9294396390029454e-02 -5.5664013862680166e+00 9.4002372430677429e-05 2.9432794488308201e-02 -9.9956675703634867e-01 -1.5278040115583486e-01 0 0 0 1</transform>
        <rotation_covariance>1.0022478708563701e-09 4.7359241101935514e-10 5.5925849241308704e-11 4.7359241101935535e-10 1.9622763814485831e-09 5.4592263265408509e-11 5.5925849241308711e-11 5.4592263265408509e-11 2.0246540451877409e-10</rotation_covariance>
        <location_covariance>6.9789853418949657e-08 2.8080910583678950e-09 -1.0557904466161444e-08 2.8080910583678950e-09 5.6657184412447554e-08 2.7389868238688753e-08 -1.0557904466161444e-08 2.7389868238688753e-08 1.6746815719311744e-05</location_covariance>
        <orientation>1</orientation>
        <reference x="-83.580614929999996" y="31.43588811" z="80.829999999999998" yaw="180.19999999999999" pitch="0.099999999999993788" roll="-0" enabled="true" rotation_enabled="false"/>
      </camera>
      <camera id="12" sensor_id="0" component_id="0" label="1_DJI_0569">
        <transform>9.9149477398336439e-01 1.3012839468998405e-01 2.1711884039586418e-03 -4.9187372704727430e+00 1.3014500410073726e-01 -9.9126518763572535e-01 -2.1344921858140964e-02 -7.9456539404641461e+01 -6.2535693554045184e-04 2.1445947797166298e-02 -9.9976981363301043e-01 1.2884300929547212e+00 0 0 0 1</transform>
        <rotation_covariance>2.7228955146166863e-09 7.6749798797402595e-11 2.6656588080343664e-10 7.6749798797402453e-11 4.7799037372445403e-09 1.8629508880666297e-10 2.6656588080343664e-10 1.8629508880666299e-10 6.5867518178131719e-10</rotation_covariance>
        <location_covariance>1.2146878308980433e-07 3.6447058258310976e-09 4.3896844342842656e-08 3.6447058258310976e-09 1.0063743503620422e-07 2.7071630242244742e-07 4.3896844342842656e-08 2.7071630242244742e-07 9.1471303455198499e-06</location_covariance>
        <orientation>1</orientation>
        <reference x="-83.579676070000005" y="31.437904790000001" z="82.870000000000005" yaw="179.80000000000001" pitch="0.099999999999993788" roll="-0" enabled="true" rotation_enabled="false"/>
      </camera>
      <camera id="13" sensor_id="0" component_id="0" label="1_DJI_0570">
        <transform>9.9273385639392386e-01 1.2030452209026499e-01 2.5124358463404078e-03 -4.9565366031951257e+00 1.2033071523294263e-01 -9.9250035149603366e-01 -2.1530704860229566e-02 -7.8458836207700784e+01 -9.6647697872371096e-05 2.1676582869142147e-02 -9.9976503060186062e-01 1.2566938772357326e+00 0 0 0 1</transform>
        <rotation_covariance>2.4344499282191756e-09 1.3635357120761186e-11 2.0599250129325628e-10 1.3635357120761071e-11 4.5844133390237535e-09 1.5377147904995334e-10 2.0599250129325628e-10 1.5377147904995334e-10 5.7168962869969051e-10</rotation_covariance>
        <location_covariance>1.1402795662332024e-07 3.1900024326195361e-09 3.6155864098409869e-08 3.1900024326195361e-09 9.1892128820875922e-08 2.5991707914506239e-07 3.6155864098409869e-08 2.5991707914506239e-07 8.9848608348057504e-06</location_covariance>
        <orientation>1</orientation>
        <reference x="-83.579676849999998" y="31.437877400000001" z="82.870000000000005" yaw="180.09999999999999" pitch="0.099999999999993788" roll="-0" enabled="true" rotation_enabled="false"/>
      </camera>
      <camera id="14" sensor_id="0" component_id="0" label="1_DJI_0571">
        <transform>9.9272154744402297e-01 1.2040903249423382e-01 2.3651922008829963e-03 -5.0114286285611334e+00 1.2043196277370855e-01 -9.9248400443509199e-01 -2.1717349814295472e-02 -7.7477869802755507e+01 -2.6754965268714197e-04 2.1844125853119976e-02 -9.9976135281520873e-01 1.2283574355756917e+00 0 0 0 1</transform>
        <rotation_covariance>2.2909318986163653e-09 -4.8087518188977545e-12 1.8028676769918528e-10 -4.8087518188977294e-12 4.4220421391305382e-09 1.4248460704227034e-10 1.8028676769918528e-10 1.4248460704227031e-10 5.2028345847767923e-10</rotation_covariance>
        <location_covariance>1.0794001621901518e-07 3.3153789589588729e-09 3.7508985641575617e-08 3.3153789589588729e-09 8.5631111718301528e-08 2.5133472543037564e-07 3.7508985641575617e-08 2.5133472543037564e-07 8.8455813314243531e-06</location_covariance>
        <orientation>1</orientation>
        <reference x="-83.579677459999999" y="31.437848720000002" z="82.969999999999999" yaw="179.69999999999996" pitch="0.099999999999993788" roll="-0" enabled="true" rotation_enabled="false"/>
      </camera>
      <camera id="15" sensor_id="0" component_id="0" label="1_DJI_0572">
        <transform>9.9377747239338521e-01 1.1134089660469035e-01 3.0887063114613325e-03 1.8812709119780077e+01 1.1138369746289450e-01 -9.9337373815947982e-01 -2.8324693723938255e-02 -1.8779605571984825e+00 -8.5457060583408196e-05 2.8492474064639676e-02 -9.9959400339276083e-01 -3.0635997144501037e-01 0 0 0 1</transform>
        <rotation_covariance>1.2375284258302855e-09 6.0673113247256166e-10 5.6424348769803191e-11 6.0673113247256145e-10 2.0162320764726710e-09 5.7225684488737528e-11 5.6424348769803178e-11 5.7225684488737547e-11 2.0042150548759720e-10</rotation_covariance>
        <location_covariance>7.5233586126403432e-08 3.6086871275504267e-09 -7.3821948003272579e-09 3.6086871275504267e-09 6.4224845028567696e-08 -2.9111082851945372e-08 -7.3821948003272579e-09 -2.9111082851945372e-08 1.6903229344145435e-05</location_covariance>
        <orientation>1</orientation>
        <reference x="-83.580614830000002" y="31.435784640000001" z="80.730000000000004" yaw="179.80000000000001" pitch="0.099999999999993788" roll="-0" enabled="true" rotation_enabled="false"/>
      </camera>
      <camera id="16" sensor_id="0" component_id="0" label="1_DJI_0573">
        <transform>9.9443206129213313e-01 1.0535961312958589e-01 2.0560630983477504e-03 -5.1842008133192730e+00 1.0537925541439659e-01 -9.9418389887180758e-01 -2.2216834886156667e-02 -7.5594082595959151e+01 -2.9665230112754353e-04 2.2309799309616629e-02 -9.9975106144088544e-01 1.1037806465198372e+00 0 0 0 1</transform>
        <rotation_covariance>2.0978496014219305e-09 -8.5847596224890283e-12 1.6069010676156354e-10 -8.5847596224891284e-12 4.1642698379311297e-09 1.2283659452396006e-10 1.6069010676156354e-10 1.2283659452396006e-10 4.2439675784632112e-10</rotation_covariance>
        <location_covariance>9.5849913426836330e-08 3.2955979202466201e-09 3.9911557073061715e-08 3.2955979202466201e-09 7.4503218292038483e-08 2.2442434512905876e-07 3.9911557073061715e-08 2.2442434512905876e-07 8.1780667494248083e-06</location_covariance>
        <orientation>1</orientation>
        <reference x="-83.579675800000004" y="31.43779704" z="82.769999999999996" yaw="180.19999999999999" pitch="0.099999999999993788" roll="-0" enabled="true" rotation_enabled="false"/>
      </camera>
      <camera id="17" sensor_id="0" component_id="0" label="1_DJI_0574">
        <transform>9.9427621252005660e-01 1.0680872818109576e-01 2.5901353453695736e-03 -5.2370834772140764e+00 1.0684002649460295e-01 -9.9401665391757366e-01 -2.2717844817311594e-02 -7.4612165014463372e+01 1.4817355724535661e-04 2.2864542830498935e-02 -9.9973856118774829e-01 1.1165643042807543e+00 0 0 0 1</transform>
        <rotation_covariance>2.0412833686814639e-09 -3.2628450958275936e-11 1.3842468959723623e-10 -3.2628450958275910e-11 4.0480861405413314e-09 1.1691645595476112e-10 1.3842468959723625e-10 1.1691645595476112e-10 3.7360338620914586e-10</rotation_covariance>
        <location_covariance>9.2377672483337087e-08 3.0363501934473988e-09 3.2070487199440599e-08 3.0363501934473988e-09 7.0639175519551905e-08 2.3002256160962808e-07 3.2070487199440599e-08 2.3002256160962808e-07 8.2967042619625528e-06</location_covariance>
        <orientation>1</orientation>
        <reference x="-83.579676109999994" y="31.43776987" z="82.769999999999996" yaw="179.69999999999996" pitch="0.099999999999993788" roll="-0" enabled="true" rotation_enabled="false"/>
      </camera>
      <camera id="18" sensor_id="0" component_id="0" label="1_DJI_0575">
        <transform>-9.1010499920484755e-01 -4.1381662824333987e-01 -2.1556637299396282e-02 1.6276430825068104e+01 -4.1338369745478182e-01 9.1029357556116708e-01 -2.1898058605264809e-02 4.1213885022899424e-02 2.8684649221448394e-02 -1.1018370178016171e-02 -9.9952778171377643e-01 -4.0239730897027931e-01 0 0 0 1</transform>
        <rotation_covariance>1.9231282968536300e-09 3.6419309054444255e-10 -1.5067844642770261e-11 3.6419309054444229e-10 1.2939937050613872e-09 2.7523307933423401e-11 -1.5067844642770265e-11 2.7523307933423411e-11 1.8809086492408456e-10</rotation_covariance>
        <location_covariance>6.7882632864051469e-08 1.2941349341405411e-09 3.9925365552652968e-08 1.2941349341405411e-09 6.7669140167188740e-08 -5.8814009690340639e-08 3.9925365552652968e-08 -5.8814009690340639e-08 1.6522189513775141e-05</location_covariance>
        <orientation>1</orientation>
        <reference x="-83.580535029999993" y="31.435727079999999" z="80.730000000000004" yaw="342.89999999999998" pitch="0.099999999999993788" roll="-0" enabled="true" rotation_enabled="false"/>
      </camera>
      <camera id="19" sensor_id="0" component_id="0" label="1_DJI_0576">
        <transform>-9.8971686148273474e-01 -1.4133531823798670e-01 -2.2019580271482458e-02 1.6372593252615872e+01 -1.4098394852303850e-01 9.8986976095872969e-01 -1.6774462684702535e-02 -9.4065495249278186e-01 2.4167340681557563e-02 -1.3497561189869445e-02 -9.9961680432369038e-01 -3.3208905628570462e-01 0 0 0 1</transform>
        <rotation_covariance>2.1467182933984404e-09 1.5482042657134142e-10 9.8323972942837983e-12 1.5482042657134142e-10 1.0950721187298472e-09 9.2156246630833357e-12 9.8323972942838080e-12 9.2156246630833357e-12 1.6292821994243384e-10</rotation_covariance>
        <location_covariance>6.5807031914796107e-08 1.3740367369941753e-10 8.2127839905993075e-08 1.3740367369941753e-10 6.2159644394810700e-08 -1.0614175782612140e-07 8.2127839905993075e-08 -1.0614175782612140e-07 1.6710784141223766e-05</location_covariance>
        <orientation>1</orientation>
        <reference x="-83.580537550000003" y="31.435755060000002" z="80.829999999999998" yaw="359.19999999999999" pitch="0.099999999999993788" roll="-0" enabled="true" rotation_enabled="false"/>
      </camera>
      <camera id="20" sensor_id="0" component_id="0" label="1_DJI_0577">
        <transform>9.9392361791347050e-01 1.1006285544415764e-01 1.4176054724848496e-03 -5.4649992736990436e+00 1.1006669158955458e-01 -9.9366709920705099e-01 -2.2605737235780063e-02 -7.1723572666414853e+01 -1.0794240719262113e-03 2.2624407283323461e-02 -9.9974345261109421e-01 1.0501353891985661e+00 0 0 0 1</transform>
        <rotation_covariance>1.8294939571343876e-09 -9.4897630840629792e-12 1.2635981387091849e-10 -9.4897630840629873e-12 3.8159988613623966e-09 8.4189178081286741e-11 1.2635981387091847e-10 8.4189178081286728e-11 3.3848391401050015e-10</rotation_covariance>
        <location_covariance>8.3898903626043489e-08 3.2291265354879621e-09 5.1771143648639392e-08 3.2291265354879621e-09 6.4103140947566844e-08 1.9953949155999911e-07 5.1771143648639392e-08 1.9953949155999911e-07 8.0596084536991968e-06</location_covariance>
        <orientation>1</orientation>
        <reference x="-83.579674859999997" y="31.43768888" z="82.870000000000005" yaw="178.69999999999999" pitch="0.099999999999993788" roll="-0" enabled="true" rotation_enabled="false"/>
      </camera>
      <camera id="21" sensor_id="0" component_id="0" label="1_DJI_0578">
        <transform>9.9788044330997439e-01 6.5072518576747743e-02 4.3380360573819395e-04 -5.5084805387254407e+00 6.5065063644569654e-02 -9.9761152701531897e-01 -2.3190055176570301e-02 -7.0779041565736051e+01 -1.0762678187279447e-03 2.3169127999195432e-02 -9.9973098039189490e-01 1.0296700473829978e+00 0 0 0 1</transform>
        <rotation_covariance>1.8523225173735284e-09 8.0200673749199840e-11 1.2930253411859993e-10 8.0200673749199814e-11 3.7674450464654443e-09 7.9001308660535014e-11 1.2930253411859993e-10 7.9001308660534988e-11 3.4155220544562719e-10</rotation_covariance>
        <location_covariance>8.2442497137486663e-08 3.3237445071093983e-09 6.2730069286835338e-08 3.3237445071093983e-09 6.2681410382537545e-08 1.9072511387167816e-07 6.2730069286835338e-08 1.9072511387167816e-07 8.0009568527884614e-06</location_covariance>
        <orientation>1</orientation>
        <reference x="-83.579675320000007" y="31.437663130000001" z="82.870000000000005" yaw="181.09999999999999" pitch="0.099999999999993788" roll="-0" enabled="true" rotation_enabled="false"/>
      </camera>
      <camera id="22" sensor_id="0" component_id="0" label="1_DJI_0579">
        <transform>-9.9176758918710894e-01 -1.2595172152809139e-01 -2.3091402774647721e-02 1.6517899051484584e+01 -1.2562923450392743e-01 9.9196495556548259e-01 -1.4927235776498243e-02 -3.8230539061846303e+00 2.4785973371003762e-02 -1.1903393385084360e-02 -9.9962191089930186e-01 -3.4310873707015060e-01 0 0 0 1</transform>
        <rotation_covariance>2.0158149248324738e-09 4.2208924754839068e-11 2.3593285521462050e-11 4.2208924754839036e-11 1.1177998411949593e-09 9.0149923598006050e-12 2.3593285521462040e-11 9.0149923598006018e-12 1.5858586431396623e-10</rotation_covariance>
        <location_covariance>6.0395357327767979e-08 -7.7400088635833689e-10 1.0589411727081160e-07 -7.7400088635833689e-10 5.3952645456648117e-08 -1.3013014831960858e-07 1.0589411727081160e-07 -1.3013014831960858e-07 1.5490538665122851e-05</location_covariance>
        <orientation>1</orientation>
        <reference x="-83.580536879999997" y="31.435835709999999" z="80.730000000000004" yaw="0" pitch="0.099999999999993788" roll="-0" enabled="true" rotation_enabled="false"/>
      </camera>
      <camera id="23" sensor_id="0" component_id="0" label="1_DJI_0580">
        <transform>9.9755503964670877e-01 6.9883897322632865e-02 4.2868456193320865e-04 -5.6467078769846744e+00 6.9873920978048440e-02 -9.9726484037842533e-01 -2.4093013762220852e-02 -6.8811190927306470e+01 -1.2562016587228052e-03 2.4064061169985912e-02 -9.9970962930112850e-01 1.0033190834275785e+00 0 0 0 1</transform>
        <rotation_covariance>1.9421062090289639e-09 1.1687648978841505e-10 1.7013050595231059e-10 1.1687648978841502e-10 3.7229451323257340e-09 1.0308587757334615e-10 1.7013050595231059e-10 1.0308587757334614e-10 3.4611874043734596e-10</rotation_covariance>
        <location_covariance>7.8541408189757177e-08 3.8450807987438923e-09 6.5910773569462816e-08 3.8450807987438923e-09 6.3681209804583497e-08 1.8967320813101262e-07 6.5910773569462816e-08 1.8967320813101262e-07 7.9810211957959579e-06</location_covariance>
        <orientation>1</orientation>
        <reference x="-83.579674780000005" y="31.437607" z="82.769999999999996" yaw="180.19999999999999" pitch="0.099999999999993788" roll="-0" enabled="true" rotation_enabled="false"/>
      </camera>
      <camera id="24" sensor_id="0" component_id="0" label="1_DJI_0581">
        <transform>-9.9231495603507058e-01 -1.2153131273008656e-01 -2.3263019047804451e-02 1.6634960951174037e+01 -1.2124145228809398e-01 9.9253131138831530e-01 -1.3494671573072492e-02 -5.6966371295623119e+00 2.4729299953505594e-02 -1.0570522214779665e-02 -9.9963829747760102e-01 -3.2387833367914398e-01 0 0 0 1</transform>
        <rotation_covariance>2.0208690639947118e-09 1.1059960718869866e-11 2.2493576615700348e-11 1.1059960718869862e-11 1.1892894213675554e-09 1.5862359507473773e-11 2.2493576615700342e-11 1.5862359507473773e-11 1.6194918114260212e-10</rotation_covariance>
        <location_covariance>5.8895198510687773e-08 -1.2087217524308786e-09 1.0255284188228065e-07 -1.2087217524308786e-09 5.1486530680457419e-08 -1.5493563968577780e-07 1.0255284188228065e-07 -1.5493563968577780e-07 1.4953968056827598e-05</location_covariance>
        <orientation>1</orientation>
