<?xml version="1.0" encoding="UTF-8"?>
<document version="1.5.0">
  <chunk label="Chunk 1" enabled="true">
    <sensors next_id="1">
      <sensor id="0" label="FC6310S (8.8mm)" type="frame">
        <resolution width="5472" height="3648"/>
        <property name="pixel_width" value="0.0024122807017543861"/>
        <property name="pixel_height" value="0.0024122807017543861"/>
        <property name="focal_length" value="8.8000000000000007"/>
        <property name="layer_index" value="0"/>
        <bands>
          <band label="Red"/>
          <band label="Green"/>
          <band label="Blue"/>
        </bands>
        <data_type>uint8</data_type>
        <calibration type="frame" class="adjusted">
          <resolution width="5472" height="3648"/>
          <f>3137.4042864917733</f>
          <cx>-4.3873159631681435</cx>
          <cy>-5.9742637267543151</cy>
          <k1>-0.0081048691728870352</k1>
          <k2>0.0018503624692137147</k2>
          <k3>0.001910659948030388</k3>
          <p1>0.00075864381774053526</p1>
          <p2>-0.000718538216039625</p2>
        </calibration>
        <covariance>
          <params>f cx cy k1 k2 k3 p1 p2</params>
          <coeffs>2.0042777181229159e+01 4.0592898411005224e-01 2.2621768809154236e-01 -1.0948530807843823e-04 4.8119031124346669e-05 7.2718922120919001e-05 4.6684769057102920e-06 -5.0309128504800282e-06 4.0592898411005224e-01 1.3005701533002713e-02 4.9431384472623354e-03 -2.2220579078186732e-06 9.8648931238986680e-07 1.4655115700382774e-06 9.3518636742044651e-08 -1.0462888380650215e-07 2.2621768809154236e-01 4.9431384472623354e-03 3.9461657396583014e-03 -1.2340797151935749e-06 5.3985066330918955e-07 8.2290239748243683e-07 5.2282283343906129e-08 -5.4927363326567041e-08 -1.0948530807843823e-04 -2.2220579078186732e-06 -1.2340797151935749e-06 6.3213016286240232e-10 -3.2993995275483423e-10 -3.5825956640493183e-10 -2.5522008968894231e-11 2.7468438266404179e-11 4.8119031124346669e-05 9.8648931238986680e-07 5.3985066330918955e-07 -3.2993995275483423e-10 2.6293446955578633e-10 8.4415733266256944e-11 1.1134437750802190e-11 -1.2054315507675422e-11 7.2718922120919001e-05 1.4655115700382774e-06 8.2290239748243683e-07 -3.5825956640493183e-10 8.4415733266256944e-11 3.2105626143746244e-10 1.6994465066850204e-11 -1.8252382123153784e-11 4.6684769057102920e-06 9.3518636742044651e-08 5.2282283343906129e-08 -2.5522008968894231e-11 1.1134437750802190e-11 1.6994465066850204e-11 1.3877414869034606e-12 -1.2017091598465428e-12 -5.0309128504800282e-06 -1.0462888380650215e-07 -5.4927363326567041e-08 2.7468438266404179e-11 -1.2054315507675422e-11 -1.8252382123153784e-11 -1.2017091598465428e-12 1.9272837675060623e-12</coeffs>
        </covariance>
        <meta>
          <property name="Exif/BodySerialNumber" value="91729d101b4029bd904de8ef6494c684"/>
          <property name="Exif/Make" value="DJI"/>
          <property name="Exif/Model" value="FC6310S"/>
          <property name="Exif/Software" value="v01.08.1719"/>
        </meta>
      </sensor>
    </sensors>
    <components next_id="1" active_id="0">
      <component id="0" label="Component 1">
        <transform>
          <rotation locked="true">9.2548433030496924e-01 -3.6969091704910118e-01 8.2506849481462252e-02 2.5310895671417294e-01 4.4151883424035288e-01 -8.6081181163022114e-01 2.8180598004837520e-01 8.1755106559922863e-01 5.0219084494496757e-01</rotation>
          <translation locked="true">6.0908503177010256e+05 -5.4128716868300419e+06 3.3072485366820735e+06</translation>
          <scale locked="true">3.1572423811347230e+00</scale>
        </transform>
        <region>
          <center>6.4337328198309969e+00 4.3399554818342423e+01 -3.6122881729525518e+00</center>
          <size>1.2458435416203119e+02 6.3927351209702259e+01 2.0119489891508504e+01</size>
          <R>-3.6661017290988207e-01 -9.3008638215992978e-01 2.3158213222083453e-02 9.3014556149512351e-01 -3.6695867907788637e-01 -1.3059949476715318e-02 2.0644988493769396e-02 1.6752598904825680e-02 9.9964650496064167e-01</R>
        </region>
        <partition>
          <partition>
            <partition>
              <partition>
                <camera_ids>83 84 88 89 91 92 95 98 99 104 105 106 107 405 406 407 408 409 410 411 412 413 414 415 416 417 418 419 420 421 422 423 424 425 426 427 428 429 430 431 590 591 592 593 594 595 596 597 598 599 600 601 602 603 604 605 606 607 608 609 610 611 612 613 614 615 616 775 776 777 780 783 784 786 787 790 791 792 793 798 799 1234 1235 1236 1237 1238 1239 1240 1241 1242 1243 1244 1245 1246 1247</camera_ids>
              </partition>
              <partition>
                <camera_ids>1 3 4 6 11 13 14 15 16 17 19 20 21 22 30 33 39 41 43 44 46 163 164 166 168 170 172 175 176 177 178 180 182 690 692 695 697 698 699 700 702 708 713 714 715 716 717 718 719 721 722 724 725 726 727 728 730 732 735 737 738 855 857 859 861 863 864 869 871 873 874 875 876 877 1038 1039 1040 1041 1042 1043 1044 1045 1046 1047 1048 1049 1050 1051 1052 1053 1054 1055 1056 1057 1058 1059 1060 1222 1223 1224 1225 1226 1227 1228 1229 1230 1231 1232 1233</camera_ids>
              </partition>
            </partition>
            <partition>
              <partition>
                <camera_ids>150 151 152 154 198 199 201 204 205 206 208 210 211 213 217 218 220 222 223 224 227 228 229 232 271 275 276 278 279 283 285 287 289 290 294 296 298 301 302 303 304 305 306 837 838 839 843 887 890 892 893 897 899 902 904 905 906 909 911 915 916 920 921 959 960 962 963 964 967 970 971 972 974 976 978 981 982 983 985 987 989 990 997</camera_ids>
              </partition>
              <partition>
                <camera_ids>5 7 8 9 10 12 18 23 24 25 26 27 28 29 31 32 34 35 36 37 38 155 156 157 159 160 161 165 167 169 171 173 174 179 181 183 184 185 186 187 189 190 192 193 194 662 663 664 665 696 701 703 704 705 706 707 709 710 711 712 720 723 848 852 853 854 856 858 860 862 865 866 867 868 870 872 878 881 885 886</camera_ids>
              </partition>
              <partition>
                <camera_ids>111 112 114 115 116 118 119 122 123 128 132 133 134 135 136 138 139 142 144 145 234 240 243 244 245 246 247 248 250 251 252 253 254 256 258 260 261 262 263 264 266 268 800 803 807 810 811 814 815 816 817 819 820 821 827 830 831 833 836 923 925 926 927 928 929 931 932 939 945 947 949 955 957</camera_ids>
              </partition>
            </partition>
          </partition>
          <partition>
            <partition>
              <partition>
                <camera_ids>397 398 399 400 401 402 403 404 432 433 434 435 436 437 438 439 440 441 442 443 444 445 446 447 448 449 450 451 452 453 454 455 456 457 458 459 460 461 462 463 464 465 466 467 468 469 470 471 472 473 474 475 476 477 478 479 480 481 482 538 539 540 541 542 543 544 545 546 547 548 549 550 551 552 553 554 555 556 557 558 559 560 561 562 563 564 565 566 567 568 569 570 571 572 573 574 575 576 577 578 579 580 581 582 583 584 585 586 587 588 589</camera_ids>
              </partition>
              <partition>
                <camera_ids>40 42 45 47 48 49 50 51 54 55 59 62 64 65 67 69 71 76 78 80 617 618 619 620 621 622 623 624 625 626 627 628 629 630 631 632 633 634 635 636 637 638 639 640 641 642 643 644 645 646 647 648 649 650 651 652 653 654 655 656 657 658 659 660 661 729 731 733 734 736 742 743 746 747 748 750 751 753 756 758 760 762 763 764 765 767 769 771 772</camera_ids>
              </partition>
              <partition>
                <camera_ids>378 379 380 381 382 383 384 385 386 387 388 389 390 391 392 393 394 395 396 1206 1207 1208 1209 1210 1211 1212 1213 1214 1215 1216 1217 1218 1219 1220 1221 1248 1249 1250 1251 1252 1253 1254 1255 1256 1257 1258 1259 1260 1261 1262 1263 1264 1265 1266 1267 1268 1269 1270 1271 1272 1273 1274</camera_ids>
              </partition>
            </partition>
            <partition>
              <partition>
                <camera_ids>327 328 329 330 331 332 333 334 335 336 337 338 339 340 341 342 343 344 345 346 347 348 349 350 351 352 353 354 355 483 484 485 486 487 488 489 490 491 492 493 494 495 496 497 498 499 500 501 502 503 504 505 506 507 508 509 510</camera_ids>
              </partition>
              <partition>
                <camera_ids>0 2 511 512 513 514 515 516 517 518 519 520 521 522 523 524 525 526 527 528 529 530 531 532 533 534 535 536 537 666 667 668 669 670 671 672 673 674 675 676 677 678 679 680 681 682 683 684 685 686 687 688 689 691 693 694</camera_ids>
              </partition>
            </partition>
          </partition>
          <partition>
            <partition>
              <partition>
                <camera_ids>209 212 214 215 216 219 221 225 226 230 231 233 235 236 237 238 239 241 242 249 288 291 292 293 295 297 299 300 307 900 901 903 907 908 910 912 913 914 917 918 919 922 924 930 933 934 935 936 937 938 940 979 980 984 986 988 991 992 993 994 995 996 998 999 1000 1001 1002 1003 1004 1005 1006 1007 1008 1009 1010 1011 1012 1013 1014 1015</camera_ids>
              </partition>
              <partition>
                <camera_ids>60 61 63 66 68 70 72 73 74 75 77 79 81 82 108 109 110 113 117 120 121 124 125 126 127 129 130 131 749 752 754 755 757 759 761 766 768 770 773 801 802 804 805 806 808 809 812 813 818 822 823 824 825</camera_ids>
              </partition>
              <partition>
                <camera_ids>85 86 87 90 93 94 96 97 100 101 102 103 255 257 259 265 267 269 270 272 273 274 277 280 281 282 284 286 774 778 779 781 782 785 788 789 794 795 796 797 941 942 943 944 946 948 950 951 952 953 954 956 958 961 965 966 968 969 973 975 977 1121 1122 1123 1124 1125 1126 1127 1128 1129 1130 1131 1132 1133 1134 1135 1136 1137 1138 1139 1140 1141</camera_ids>
              </partition>
            </partition>
            <partition>
              <partition>
                <camera_ids>52 53 56 57 58 137 140 141 143 146 147 148 149 153 158 162 188 191 195 196 197 200 202 203 207 739 740 741 744 745 826 828 829 832 834 835 840 841 842 844 845 846 847 849 850 851 879 880 882 883 884 888 889 891 894 895 896 898</camera_ids>
              </partition>
              <partition>
                <camera_ids>1016 1017 1018 1019 1020 1021 1022 1023 1024 1025 1026 1027 1028 1029 1030 1031 1032 1033 1034 1035 1036 1037 1061 1062 1063 1064 1065 1066 1067 1068 1069 1070 1071 1072 1073 1074 1075 1076 1077 1078 1079 1080 1081 1082 1083 1084 1085 1197 1198 1199 1200 1201 1202 1203 1204 1205</camera_ids>
              </partition>
            </partition>
            <partition>
              <partition>
                <camera_ids>356 357 358 359 360 361 362 363 364 365 366 367 368 369 370 371 372 373 374 375 376 377 1086 1087 1088 1089 1090 1091 1092 1093 1094 1095 1096 1097 1098 1099 1100 1101 1102 1103 1104 1105 1106 1107 1108 1109 1110 1111 1112 1113 1114 1115 1116 1117 1118 1119 1120 1166 1167 1168 1169 1170 1171 1172 1173 1174 1175 1176 1177 1178 1179 1180 1181 1182 1183 1184 1185 1186 1187 1188 1189 1190 1191 1192 1193 1194 1195 1196 1275 1276 1277 1278 1279 1280 1281 1282 1283 1284 1285 1286 1287 1288 1289 1290 1291 1292 1293 1294 1295 1296</camera_ids>
              </partition>
              <partition>
                <camera_ids>308 309 310 311 312 313 314 315 316 317 318 319 320 321 322 323 324 325 326 1142 1143 1144 1145 1146 1147 1148 1149 1150 1151 1152 1153 1154 1155 1156 1157 1158 1159 1160 1161 1162 1163 1164 1165 1297 1298 1299 1300 1301 1302 1303 1304 1305 1306</camera_ids>
              </partition>
            </partition>
          </partition>
        </partition>
      </component>
    </components>
    <cameras next_id="1307" next_group_id="0">
      <camera id="0" sensor_id="0" component_id="0" label="1_DJI_0383">
        <transform>9.7668241292257818e-01 -2.1438252471369165e-01 -1.1471590348095976e-02 2.5942986574392059e+01 -2.1461999721237690e-01 -9.7632950003159769e-01 -2.6813507129985547e-02 7.7782067201074156e+01 -5.4517047141689721e-03 2.8650313531160914e-02 -9.9957462875478975e-01 -1.7427586939863597e+00 0 0 0 1</transform>
        <rotation_covariance>3.2191394424678827e-09 6.3534426557639618e-11 8.6377837423193836e-11 6.3534426557639682e-11 3.7608866530427078e-09 -1.5153628990675386e-10 8.6377837423193823e-11 -1.5153628990675386e-10 5.0218219367471622e-10</rotation_covariance>
        <location_covariance>1.0591479392349666e-07 -5.0386125467118646e-09 2.7153850909702678e-07 -5.0386125467118646e-09 7.4996283882251200e-08 7.0161613257205752e-08 2.7153850909702678e-07 7.0161613257205752e-08 1.5985146049958745e-05</location_covariance>
        <orientation>1</orientation>
        <reference x="-83.579753640000007" y="31.437989959999999" z="54.380000000000003" yaw="359.39999999999998" pitch="0.099999999999993788" roll="-0" enabled="true" rotation_enabled="false"/>
      </camera>
      <camera id="1" sensor_id="0" component_id="0" label="1_DJI_0384">
        <transform>-9.6136152834768795e-01 2.7206564415872025e-01 -4.2003536535598719e-02 -1.8384958814140095e+01 2.7237149071222083e-01 9.6219079088570980e-01 -1.6287976959178940e-03 2.5096095328324289e+01 3.9972276144840391e-02 -1.3006429303703160e-02 -9.9911613435904867e-01 -9.8652403859111094e-03 0 0 0 1</transform>
        <rotation_covariance>1.0653222400820828e-09 9.7168973520733048e-10 1.8111419682962992e-11 9.7168973520733028e-10 4.2444489031318636e-09 8.4116392812857167e-11 1.8111419682962995e-11 8.4116392812857167e-11 2.4384631917332587e-10</rotation_covariance>
        <location_covariance>1.5771172867647066e-07 2.7266784634287407e-08 1.5332923564103813e-06 2.7266784634287407e-08 5.3939844148425076e-08 4.6244494597821675e-07 1.5332923564103813e-06 4.6244494597821675e-07 2.2783632062017422e-05</location_covariance>
        <orientation>1</orientation>
        <reference x="-83.580615600000002" y="31.43614938" z="51.700000000000003" yaw="180.30000000000004" pitch="0.099999999999993788" roll="-0" enabled="true" rotation_enabled="false"/>
      </camera>
      <camera id="2" sensor_id="0" component_id="0" label="1_DJI_0385">
        <transform>9.7291611589812432e-01 -2.3085449934329702e-01 -1.1850382215904506e-02 2.6553425532746083e+01 -2.3109689858009194e-01 -9.7256107919791857e-01 -2.6817358110811367e-02 7.9586578796765380e+01 -5.3343127364266409e-03 2.8829626468903857e-02 -9.9957010646842259e-01 -1.7822923500977119e+00 0 0 0 1</transform>
        <rotation_covariance>6.6897756118325046e-09 -1.8162055828566043e-10 4.3814607592407233e-10 -1.8162055828566079e-10 4.6449760366410887e-09 -4.8986769669218949e-10 4.3814607592407233e-10 -4.8986769669218959e-10 1.2625223052959174e-09</rotation_covariance>
        <location_covariance>1.3259179738461988e-07 -5.5174044761297180e-09 2.7539486683279454e-07 -5.5174044761297180e-09 1.1249656193470721e-07 3.8983405063623059e-08 2.7539486683279454e-07 3.8983405063623059e-08 1.6402462003720742e-05</location_covariance>
        <orientation>1</orientation>
        <reference x="-83.579753359999998" y="31.438044739999999" z="54.479999999999997" yaw="0.10000000000000001" pitch="0.099999999999993788" roll="-0" enabled="true" rotation_enabled="false"/>
      </camera>
      <camera id="3" sensor_id="0" component_id="0" label="1_DJI_0386">
        <transform>-9.6416443512535799e-01 2.6254646078548827e-01 -3.8161472304054686e-02 -1.8846342849908169e+01 2.6283415497839674e-01 9.6483741866828943e-01 -2.6386576709823695e-03 2.3334446485568215e+01 3.6126846197684602e-02 -1.2574238208599708e-02 -9.9926810192124238e-01 -6.6133740944630454e-02 0 0 0 1</transform>
        <rotation_covariance>1.0152958327035346e-09 9.4581306612135103e-10 2.0314337759295549e-11 9.4581306612135103e-10 3.5553864069026441e-09 6.2470649737915790e-11 2.0314337759295556e-11 6.2470649737915803e-11 2.2362619744277482e-10</rotation_covariance>
        <location_covariance>1.2883789486526156e-07 2.7487329070136494e-08 1.2986468406875792e-06 2.7487329070136494e-08 5.4985535771582502e-08 5.1787376699323790e-07 1.2986468406875792e-06 5.1787376699323790e-07 2.2053488958269643e-05</location_covariance>
        <orientation>1</orientation>
        <reference x="-83.580614600000004" y="31.436094990000001" z="51.5" yaw="179.69999999999996" pitch="0.099999999999993788" roll="-0" enabled="true" rotation_enabled="false"/>
      </camera>
      <camera id="4" sensor_id="0" component_id="0" label="1_DJI_0387">
        <transform>-9.6452559326700027e-01 2.6129728873941738e-01 -3.7604611823168821e-02 -1.9131171050289169e+01 2.6155678028192886e-01 9.6518587597659045e-01 -2.0677291534514641e-03 2.2464570363537234e+01 3.5755148181660548e-02 -1.1830118880668046e-02 -9.9929055717832960e-01 -6.6096067794792854e-03 0 0 0 1</transform>
        <rotation_covariance>1.0052650768600195e-09 9.4183573543656509e-10 2.6799114129261572e-11 9.4183573543656509e-10 3.4766120462138428e-09 5.6787942438273996e-11 2.6799114129261572e-11 5.6787942438273996e-11 2.2529931080129246e-10</rotation_covariance>
        <location_covariance>1.2895265551308181e-07 2.7456473108873654e-08 1.3183139547265363e-06 2.7456473108873654e-08 5.5443474052978610e-08 5.2364597293675444e-07 1.3183139547265363e-06 5.2364597293675444e-07 2.2876117750025424e-05</location_covariance>
        <orientation>1</orientation>
        <reference x="-83.580614819999994" y="31.436070399999998" z="51.700000000000003" yaw="179.69999999999996" pitch="0.099999999999993788" roll="-0" enabled="true" rotation_enabled="false"/>
      </camera>
      <camera id="5" sensor_id="0" component_id="0" label="1_DJI_0388">
        <transform>-9.9905095322509663e-01 -3.2660024358893494e-02 -2.8818668756587545e-02 2.9331637488448870e+01 -3.2239520586081358e-02 9.9936854369342698e-01 -1.4937442500571940e-02 8.0408991126893397e+01 2.9288328262382417e-02 -1.3994166104299988e-02 -9.9947303972775581e-01 -1.9021735554558090e+00 0 0 0 1</transform>
        <rotation_covariance>1.4186183416747297e-08 2.8596561538520317e-09 -2.7462931159033751e-09 2.8596561538520321e-09 6.2033252398151671e-09 2.3560586274141395e-10 -2.7462931159033747e-09 2.3560586274141395e-10 3.9234846142897357e-09</rotation_covariance>
        <location_covariance>1.9780994973182161e-07 1.9089049326414161e-08 1.6068268573745471e-07 1.9089049326414161e-08 2.4103161615887196e-07 3.3377095639218730e-08 1.6068268573745471e-07 3.3377095639218730e-08 1.6133172318107489e-05</location_covariance>
        <orientation>1</orientation>
        <reference x="-83.579673060000005" y="31.438091759999999" z="54.479999999999997" yaw="164.30000000000001" pitch="0.099999999999993788" roll="-0" enabled="true" rotation_enabled="false"/>
      </camera>
      <camera id="6" sensor_id="0" component_id="0" label="1_DJI_0389">
        <transform>-9.6563284360279766e-01 2.5729138530312901e-01 -3.6801554374402030e-02 -1.9696254231023826e+01 2.5752482794861586e-01 9.6627024030603992e-01 -1.6690383289161281e-03 2.0761862748013190e+01 3.5130817605218426e-02 -1.1088992186142954e-02 -9.9932119956832910e-01 1.4507427709750291e-02 0 0 0 1</transform>
        <rotation_covariance>9.9073186135696722e-10 1.0118359327229003e-09 3.2762567925787903e-11 1.0118359327229003e-09 3.3083203044148980e-09 6.1166108139970291e-11 3.2762567925787903e-11 6.1166108139970278e-11 2.1860695783255279e-10</rotation_covariance>
        <location_covariance>1.2554406310166549e-07 2.8548270804901401e-08 1.2996241996970590e-06 2.8548270804901401e-08 5.7169418661148452e-08 5.4129112637957156e-07 1.2996241996970590e-06 5.4129112637957156e-07 2.3225276344424342e-05</location_covariance>
        <orientation>1</orientation>
        <reference x="-83.580614870000005" y="31.436019049999999" z="51.600000000000001" yaw="179.39999999999998" pitch="0.099999999999993788" roll="-0" enabled="true" rotation_enabled="false"/>
      </camera>
      <camera id="7" sensor_id="0" component_id="0" label="1_DJI_0390">
        <transform>-9.7079216161374893e-01 2.3830351879685530e-01 -2.7821068964760234e-02 2.8677901440653201e+01 2.3872141990523879e-01 9.7100417376992176e-01 -1.2766291545249941e-02 7.8580241120002782e+01 2.3972121886303436e-02 -1.9034900851553738e-02 -9.9953139516567446e-01 -1.8667618924423177e+00 0 0 0 1</transform>
        <rotation_covariance>4.8615193496614960e-09 1.9096648625573104e-10 2.8736869481541422e-10 1.9096648625573102e-10 3.7472172423216639e-09 4.8942505469110391e-10 2.8736869481541427e-10 4.8942505469110391e-10 1.1259241738894565e-09</rotation_covariance>
        <location_covariance>1.3441281036436917e-07 -4.2267536824403507e-09 2.0300574208624971e-07 -4.2267536824403507e-09 9.1992845967910467e-08 1.0871069369207703e-07 2.0300574208624971e-07 1.0871069369207703e-07 1.5596016786106113e-05</location_covariance>
        <orientation>1</orientation>
        <reference x="-83.579675210000005" y="31.438036879999999" z="54.380000000000003" yaw="179.80000000000001" pitch="0.099999999999993788" roll="-0" enabled="true" rotation_enabled="false"/>
      </camera>
      <camera id="8" sensor_id="0" component_id="0" label="1_DJI_0391">
        <transform>-9.7019296882308037e-01 2.4072068131097724e-01 -2.7913380938827077e-02 2.8378791993064201e+01 2.4113465925807914e-01 9.7041106097654228e-01 -1.2507951026118902e-02 7.7695065488093618e+01 2.4076531119477891e-02 -1.8866009741348944e-02 -9.9953208769188207e-01 -1.8396671349738649e+00 0 0 0 1</transform>
        <rotation_covariance>3.4535825563980819e-09 4.3343727951067461e-11 1.9604142092490166e-10 4.3343727951067222e-11 3.4892538639884510e-09 3.1205753916314619e-10 1.9604142092490168e-10 3.1205753916314624e-10 7.3941072868241955e-10</rotation_covariance>
        <location_covariance>1.1794187434152909e-07 -6.3498427551182207e-09 2.1498164361710476e-07 -6.3498427551182207e-09 7.6137907658649799e-08 1.1567232501618461e-07 2.1498164361710476e-07 1.1567232501618461e-07 1.5482959920221864e-05</location_covariance>
        <orientation>1</orientation>
        <reference x="-83.579675109999997" y="31.438011110000001" z="54.380000000000003" yaw="180.09999999999999" pitch="0.099999999999993788" roll="-0" enabled="true" rotation_enabled="false"/>
      </camera>
      <camera id="9" sensor_id="0" component_id="0" label="1_DJI_0392">
        <transform>-9.7024580199001043e-01 2.4050660596139281e-01 -2.7922324575388111e-02 2.8070735221270116e+01 2.4093205422354402e-01 9.7045518448017465e-01 -1.2979990877194481e-02 7.6777620091294281e+01 2.3975591095639716e-02 -1.9321164677111452e-02 -9.9952581938994189e-01 -1.8022695164366607e+00 0 0 0 1</transform>
        <rotation_covariance>2.8064483224694418e-09 -7.0680703584246915e-11 1.4021661068519387e-10 -7.0680703584246785e-11 3.2707097374817287e-09 1.6696915252733968e-10 1.4021661068519387e-10 1.6696915252733968e-10 5.4680706743834652e-10</rotation_covariance>
        <location_covariance>1.0524690393725176e-07 -6.8587063089664776e-09 2.2284233920828788e-07 -6.8587063089664776e-09 6.9173083755132999e-08 1.4291704320216107e-07 2.2284233920828788e-07 1.4291704320216107e-07 1.5480072025206990e-05</location_covariance>
        <orientation>1</orientation>
        <reference x="-83.579675249999994" y="31.4379831" z="54.479999999999997" yaw="180.09999999999999" pitch="0.099999999999993788" roll="-0" enabled="true" rotation_enabled="false"/>
      </camera>
      <camera id="10" sensor_id="0" component_id="0" label="1_DJI_0393">
        <transform>-9.7039145589027465e-01 2.3992457240825668e-01 -2.7867936591493201e-02 2.7754197885878714e+01 2.4034977232367286e-01 9.7059904146517528e-01 -1.3018742291095772e-02 7.5865590971821376e+01 2.3925076365831136e-02 -1.9331328500612657e-02 -9.9952683328627567e-01 -1.7869271192920575e+00 0 0 0 1</transform>
        <rotation_covariance>2.4575934375060906e-09 -1.4091029291679604e-10 1.2602270083720261e-10 -1.4091029291679614e-10 3.1844370344034617e-09 1.4346132930139243e-10 1.2602270083720263e-10 1.4346132930139243e-10 5.0628448748675148e-10</rotation_covariance>
        <location_covariance>9.7309224304223113e-08 -6.2476399775821838e-09 2.2463829036445368e-07 -6.2476399775821838e-09 6.4940953307669472e-08 1.5117652399617167e-07 2.2463829036445368e-07 1.5117652399617167e-07 1.5241880770246288e-05</location_covariance>
        <orientation>1</orientation>
        <reference x="-83.579675570000006" y="31.437956199999999" z="54.479999999999997" yaw="180.09999999999999" pitch="0.099999999999993788" roll="-0" enabled="true" rotation_enabled="false"/>
      </camera>
      <camera id="11" sensor_id="0" component_id="0" label="1_DJI_0394">
        <transform>-9.6170326653795857e-01 2.7199179042071536e-01 -3.3871714954428679e-02 -2.1105993397131250e+01 2.7215599926038397e-01 9.6225311173855499e-01 -2.4701426988090261e-04 1.6480489236807784e+01 3.2525977261295982e-02 -9.4559448603113785e-03 -9.9942615830785442e-01 8.7532421845868805e-02 0 0 0 1</transform>
        <rotation_covariance>1.0054935100690732e-09 9.7515136087533881e-10 5.7602660923333739e-11 9.7515136087533881e-10 2.8722054758383200e-09 7.2606589994947288e-11 5.7602660923333726e-11 7.2606589994947301e-11 1.9706076568601416e-10</rotation_covariance>
        <location_covariance>1.1785097968394678e-07 2.6738561361753410e-08 1.2370671896222368e-06 2.6738561361753410e-08 6.1191331686312315e-08 5.6729685994640600e-07 1.2370671896222368e-06 5.6729685994640600e-07 2.4535440964245653e-05</location_covariance>
        <orientation>1</orientation>
        <reference x="-83.580614100000005" y="31.43589068" z="51.600000000000001" yaw="180.09999999999999" pitch="0.099999999999993788" roll="-0" enabled="true" rotation_enabled="false"/>
      </camera>
      <camera id="12" sensor_id="0" component_id="0" label="1_DJI_0395">
        <transform>-9.6978867297192561e-01 2.4234023197910282e-01 -2.7948913031944120e-02 2.7164427624616206e+01 2.4273275966655086e-01 9.7002409063120121e-01 -1.1578902356016794e-02 7.4152199097629364e+01 2.4305085064921648e-02 -1.8013205140237187e-02 -9.9954228889055152e-01 -1.7566168545552345e+00 0 0 0 1</transform>
        <rotation_covariance>2.0941814356731101e-09 -2.8492242450668229e-10 1.2063878745895270e-10 -2.8492242450668229e-10 3.0133901200107072e-09 1.5142967412589096e-10 1.2063878745895267e-10 1.5142967412589099e-10 4.7945188497370047e-10</rotation_covariance>
        <location_covariance>8.5732533643496069e-08 -5.3600968805583844e-09 2.3228010226218694e-07 -5.3600968805583844e-09 5.8458720432265025e-08 1.2163978395067855e-07 2.3228010226218694e-07 1.2163978395067855e-07 1.4840053972212542e-05</location_covariance>
        <orientation>1</orientation>
        <reference x="-83.579676259999999" y="31.437904329999999" z="54.479999999999997" yaw="180.19999999999999" pitch="0.099999999999993788" roll="-0" enabled="true" rotation_enabled="false"/>
      </camera>
      <camera id="13" sensor_id="0" component_id="0" label="1_DJI_0396">
        <transform>-9.6111206524193382e-01 2.7417738783625173e-01 -3.3020570038615492e-02 -2.1652821828403138e+01 2.7435234538007797e-01 9.6162890401676304e-01 -8.0096439977405537e-04 1.4717434130700736e+01 3.1533928249362707e-02 -9.8290873843335097e-03 -9.9945435133894689e-01 1.4263701842733628e-01 0 0 0 1</transform>
        <rotation_covariance>1.1291649692108367e-09 1.0425983116855240e-09 5.4230805829066167e-11 1.0425983116855238e-09 2.7636529984243373e-09 8.1956346154177126e-11 5.4230805829066147e-11 8.1956346154177113e-11 1.8816090887095809e-10</rotation_covariance>
        <location_covariance>1.1903712190724972e-07 2.9565826534709389e-08 1.2396474285553108e-06 2.9565826534709389e-08 6.6710042793407741e-08 6.3991647911732355e-07 1.2396474285553108e-06 6.3991647911732355e-07 2.5492703472118525e-05</location_covariance>
        <orientation>1</orientation>
        <reference x="-83.580612889999998" y="31.435837840000001" z="51.600000000000001" yaw="180.19999999999999" pitch="0.099999999999993788" roll="-0" enabled="true" rotation_enabled="false"/>
      </camera>
      <camera id="14" sensor_id="0" component_id="0" label="1_DJI_0397">
        <transform>-9.6432951001398726e-01 2.6270137293071866e-01 -3.2505149999644503e-02 -2.1925090621255030e+01 2.6288741686166633e-01 9.6482533095808165e-01 -1.5122160651634964e-03 1.3859514220822797e+01 3.0964530869762811e-02 -1.0003469495262096e-02 -9.9947042398765995e-01 1.7938224546009324e-01 0 0 0 1</transform>
        <rotation_covariance>1.1854958258755148e-09 1.0746481818446801e-09 5.2090009754979736e-11 1.0746481818446801e-09 2.7078189893232646e-09 8.5775212751647767e-11 5.2090009754979736e-11 8.5775212751647780e-11 1.8758328999325681e-10</rotation_covariance>
        <location_covariance>1.1910375373359178e-07 3.1780316636625125e-08 1.2353214223459942e-06 3.1780316636625125e-08 7.0895748316294941e-08 6.9834666376080364e-07 1.2353214223459942e-06 6.9834666376080364e-07 2.6119648132248949e-05</location_covariance>
        <orientation>1</orientation>
        <reference x="-83.580612360000003" y="31.435812250000001" z="51.600000000000001" yaw="179.39999999999998" pitch="0.099999999999993788" roll="-0" enabled="true" rotation_enabled="false"/>
      </camera>
      <camera id="15" sensor_id="0" component_id="0" label="1_DJI_0398">
        <transform>-9.6036386239442906e-01 2.7690525816001599e-01 -3.2011401253110555e-02 -2.2231195444948408e+01 2.7710149388135047e-01 9.6083901049561693e-01 -1.7770758364384748e-03 1.3031225484262929e+01 3.0265721461357951e-02 -1.0577046522522084e-02 -9.9948592395855373e-01 2.2301071964996091e-01 0 0 0 1</transform>
        <rotation_covariance>1.2877182531665357e-09 1.1453686616613794e-09 5.4265371087554839e-11 1.1453686616613792e-09 2.6190931313321235e-09 9.4354874923431864e-11 5.4265371087554826e-11 9.4354874923431864e-11 1.8873089143149441e-10</rotation_covariance>
        <location_covariance>1.2106188421717155e-07 3.4057423029085071e-08 1.2486005048390413e-06 3.4057423029085071e-08 7.5143043113842258e-08 7.4956617114286713e-07 1.2486005048390413e-06 7.4956617114286713e-07 2.6858577090895215e-05</location_covariance>
        <orientation>1</orientation>
        <reference x="-83.580613290000002" y="31.43578681" z="51.600000000000001" yaw="180.19999999999999" pitch="0.099999999999993788" roll="-0" enabled="true" rotation_enabled="false"/>
      </camera>
      <camera id="16" sensor_id="0" component_id="0" label="1_DJI_0399">
        <transform>-9.5985251900779778e-01 2.7873335827087081e-01 -3.1477877015901323e-02 -2.2569763733006667e+01 2.7893758034806715e-01 9.6030670187217715e-01 -2.2055858513390578e-03 1.2179064664090456e+01 2.9613645907779741e-02 -1.0897399984605184e-02 -9.9950201533044647e-01 2.3142311465923548e-01 0 0 0 1</transform>
        <rotation_covariance>1.4279605943479221e-09 1.1931850614745071e-09 6.2744851196333771e-11 1.1931850614745074e-09 2.5743842024667296e-09 9.7368369922647638e-11 6.2744851196333771e-11 9.7368369922647651e-11 1.9941247709299424e-10</rotation_covariance>
        <location_covariance>1.2152514438939896e-07 3.5759706785397837e-08 1.2296782119293981e-06 3.5759706785397837e-08 8.0344776589043074e-08 7.9037273613745500e-07 1.2296782119293981e-06 7.9037273613745500e-07 2.7092867174127310e-05</location_covariance>
        <orientation>1</orientation>
        <reference x="-83.580614690000004" y="31.435760989999999" z="51.700000000000003" yaw="180.30000000000004" pitch="0.099999999999993788" roll="-0" enabled="true" rotation_enabled="false"/>
      </camera>
      <camera id="17" sensor_id="0" component_id="0" label="1_DJI_0400">
        <transform>-9.6112713388393112e-01 2.7429380605415898e-01 -3.1583864114179669e-02 -2.2839252604107266e+01 2.7451167629753082e-01 9.6157998358749575e-01 -2.6971726290810488e-03 1.1315407870465579e+01 2.9630593790526835e-02 -1.1262465280515749e-02 -9.9949746612356449e-01 2.3210322348559317e-01 0 0 0 1</transform>
        <rotation_covariance>1.6195740542471498e-09 1.2630428496997459e-09 7.6376594343295603e-11 1.2630428496997459e-09 2.6200634022912742e-09 9.6528040338730443e-11 7.6376594343295603e-11 9.6528040338730443e-11 2.2547110874698208e-10</rotation_covariance>
        <location_covariance>1.2478373041775023e-07 3.8330123492075746e-08 1.2373339823584591e-06 3.8330123492075746e-08 8.6441344508832772e-08 8.2967308864159905e-07 1.2373339823584591e-06 8.2967308864159905e-07 2.7220749359785666e-05</location_covariance>
        <orientation>1</orientation>
        <reference x="-83.580614080000004" y="31.435735260000001" z="51.600000000000001" yaw="179.80000000000001" pitch="0.099999999999993788" roll="-0" enabled="true" rotation_enabled="false"/>
      </camera>
      <camera id="18" sensor_id="0" component_id="0" label="1_DJI_0401">
        <transform>-9.6722694768917550e-01 2.5238255583120128e-01 -2.7840207901366369e-02 2.5349883058721296e+01 2.5272082843574756e-01 9.6749426533664173e-01 -9.3289557540696504e-03 6.8716172646887557e+01 2.4580775793903532e-02 -1.6059017803792913e-02 -9.9956885376073379e-01 -1.6716133493184182e+00 0 0 0 1</transform>
        <rotation_covariance>1.5913294102323110e-09 -3.5027557586466719e-10 1.1389007929116231e-10 -3.5027557586466734e-10 2.6561450845230167e-09 9.2916569029122293e-11 1.1389007929116235e-10 9.2916569029122293e-11 2.9958337056693970e-10</rotation_covariance>
        <location_covariance>6.3161200578105085e-08 -5.0646378386866100e-09 2.4103006898004207e-07 -5.0646378386866100e-09 4.4383828236840319e-08 1.0920220597967774e-07 2.4103006898004207e-07 1.0920220597967774e-07 1.3661493704433142e-05</location_covariance>
        <orientation>1</orientation>
        <reference x="-83.57967567" y="31.437741419999998" z="54.479999999999997" yaw="179.90000000000001" pitch="0.099999999999993788" roll="-0" enabled="true" rotation_enabled="false"/>
      </camera>
      <camera id="19" sensor_id="0" component_id="0" label="1_DJI_0402">
        <transform>9.6210104017969367e-01 -2.7248134539615970e-01 -1.0747320421890874e-02 -2.0489907009362163e+01 -2.7263867698513217e-01 -9.6194945612203786e-01 -1.7927511771355788e-02 1.1277270206964770e+01 -5.4534665075426821e-03 2.0178212944014718e-02 -9.9978152584724089e-01 6.0764102639479477e-02 0 0 0 1</transform>
        <rotation_covariance>2.3833773071772051e-09 2.3701450081331410e-10 5.6762614628394687e-12 2.3701450081331415e-10 8.3827593731050468e-10 -3.5660840831065405e-11 5.6762614628394703e-12 -3.5660840831065398e-11 1.5866155443257902e-10</rotation_covariance>
        <location_covariance>8.5142755938390779e-08 2.3886669677793681e-08 8.7902555844677709e-07 2.3886669677793681e-08 7.1451570694868625e-08 6.9520397023673124e-07 8.7902555844677709e-07 6.9520397023673124e-07 2.4754015590486144e-05</location_covariance>
        <orientation>1</orientation>
        <reference x="-83.580539049999999" y="31.435755409999999" z="51.600000000000001" yaw="359.60000000000002" pitch="0.099999999999993788" roll="-0" enabled="true" rotation_enabled="false"/>
      </camera>
      <camera id="20" sensor_id="0" component_id="0" label="1_DJI_0403">
        <transform>9.5765760023997526e-01 -2.8775382889634810e-01 -9.4686143707748156e-03 -2.0157818534948959e+01 -2.8788199090849298e-01 -9.5750307699690751e-01 -1.7658336615248252e-02 1.2149227767348380e+01 -3.9849734219357582e-03 1.9636483823391740e-02 -9.9979924409347309e-01 4.9772916716099944e-02 0 0 0 1</transform>
        <rotation_covariance>2.1779777519093831e-09 1.2526230929206245e-10 9.3260402916408943e-12 1.2526230929206248e-10 8.1390311423978997e-10 -3.1775499504389985e-11 9.3260402916408959e-12 -3.1775499504389979e-11 1.5284302014190513e-10</rotation_covariance>
        <location_covariance>7.7833018481663478e-08 2.0150922381351846e-08 7.9899668580326362e-07 2.0150922381351846e-08 6.6846587029430901e-08 6.5601170412048816e-07 7.9899668580326362e-07 6.5601170412048816e-07 2.4494981682194759e-05</location_covariance>
        <orientation>1</orientation>
        <reference x="-83.580537910000004" y="31.435781389999999" z="51.700000000000003" yaw="0.5" pitch="0.099999999999993788" roll="-0" enabled="true" rotation_enabled="false"/>
      </camera>
      <camera id="21" sensor_id="0" component_id="0" label="1_DJI_0404">
        <transform>9.6100672453687563e-01 -2.7640376263991118e-01 -8.1875144826652202e-03 -1.9828650774697813e+01 -2.7651005674333867e-01 -9.6084128736878593e-01 -1.8061257079438342e-02 1.3004277395017887e+01 -2.8747025411111375e-03 1.9620919601118180e-02 -9.9980335846570678e-01 4.3095100944364598e-02 0 0 0 1</transform>
        <rotation_covariance>2.1207966982855083e-09 2.2937408492203271e-11 1.5185208401496032e-11 2.2937408492203083e-11 8.5636980680484065e-10 -1.5929536552278400e-11 1.5185208401496032e-11 -1.5929536552278404e-11 1.5949869811592236e-10</rotation_covariance>
        <location_covariance>7.2690282975324533e-08 1.8515374327450808e-08 7.3107660781287966e-07 1.8515374327450808e-08 6.6114631149675584e-08 6.6911584532803623e-07 7.3107660781287966e-07 6.6911584532803623e-07 2.4309307964396728e-05</location_covariance>
        <orientation>1</orientation>
        <reference x="-83.58053658" y="31.43580729" z="51.700000000000003" yaw="359.89999999999998" pitch="0.099999999999993788" roll="-0" enabled="true" rotation_enabled="false"/>
      </camera>
      <camera id="22" sensor_id="0" component_id="0" label="1_DJI_0405">
        <transform>9.5731533436275429e-01 -2.8895411097397256e-01 -7.2713372339036344e-03 -1.9553967789548157e+01 -2.8904139122504519e-01 -9.5713400750947963e-01 -1.8696679585777372e-02 1.3871146495526700e+01 -1.5571617187655597e-03 2.0000335499285728e-02 -9.9979876066501383e-01 4.0666809494723642e-02 0 0 0 1</transform>
        <rotation_covariance>2.0992207622708641e-09 -6.9975433650600849e-11 1.2809693922760842e-11 -6.9975433650601043e-11 8.8484138105636244e-10 -9.3829584611125683e-12 1.2809693922760836e-11 -9.3829584611125634e-12 1.5742948968218216e-10</rotation_covariance>
        <location_covariance>6.8395093314508116e-08 1.7237675901431098e-08 6.7526916433630794e-07 1.7237675901431098e-08 6.5696584454828816e-08 6.8517569437044768e-07 6.7526916433630794e-07 6.8517569437044768e-07 2.4185142319227160e-05</location_covariance>
        <orientation>1</orientation>
        <reference x="-83.580536870000003" y="31.435832940000001" z="51.700000000000003" yaw="0.59999999999999998" pitch="0.099999999999993788" roll="-0" enabled="true" rotation_enabled="false"/>
      </camera>
      <camera id="23" sensor_id="0" component_id="0" label="1_DJI_0406">
        <transform>-9.6294430341016457e-01 2.6822836326333882e-01 -2.8139183907553392e-02 2.3835787833756722e+01 2.6854178870228212e-01 9.6323520597957313e-01 -7.9527153896119251e-03 6.4228661344079299e+01 2.4971508774834516e-02 -1.5214568760226014e-02 -9.9957237889356887e-01 -1.5295936352679833e+00 0 0 0 1</transform>
        <rotation_covariance>1.3393286068284309e-09 -3.3402972584607595e-10 1.0432336694373755e-10 -3.3402972584607559e-10 2.5938176839989075e-09 6.8576641079918188e-11 1.0432336694373755e-10 6.8576641079918188e-11 2.7424908976565750e-10</rotation_covariance>
        <location_covariance>5.8289192625692659e-08 -3.0441447326796421e-09 2.7460026264451619e-07 -3.0441447326796421e-09 4.2235382184145092e-08 1.3026650774665226e-07 2.7460026264451619e-07 1.3026650774665226e-07 1.3669011859332664e-05</location_covariance>
        <orientation>1</orientation>
        <reference x="-83.579675710000004" y="31.43760747" z="54.479999999999997" yaw="179.80000000000001" pitch="0.099999999999993788" roll="-0" enabled="true" rotation_enabled="false"/>
      </camera>
      <camera id="24" sensor_id="0" component_id="0" label="1_DJI_0407">
        <transform>-9.6199583039901038e-01 2.7161118387240596e-01 -2.8131603053298017e-02 2.3519647073390299e+01 2.7191319560977706e-01 9.6229286916612367e-01 -7.4597590650352236e-03 6.3341883644046909e+01 2.5044687025343508e-02 -1.4825611200193149e-02 -9.9957639273061227e-01 -1.5172853878852637e+00 0 0 0 1</transform>
