<?xml version="1.0" encoding="UTF-8"?>
<document version="1.5.0">
  <chunk label="Chunk 1" enabled="true">
    <sensors next_id="1">
      <sensor id="0" label="FC6310S (8.8mm)" type="frame">
        <resolution width="5472" height="3648"/>
        <property name="pixel_width" value="0.0024122807017543861"/>
        <property name="pixel_height" value="0.0024122807017543861"/>
        <property name="focal_length" value="8.8000000000000007"/>
        <property name="layer_index" value="0"/>
        <bands>
          <band label="Red"/>
          <band label="Green"/>
          <band label="Blue"/>
        </bands>
        <data_type>uint8</data_type>
        <calibration type="frame" class="adjusted">
          <resolution width="5472" height="3648"/>
          <f>2513.6320779219545</f>
          <cx>-13.613528166871891</cx>
          <cy>-12.549221202343306</cy>
          <k1>-0.0048807944096253292</k1>
          <k2>0.00039839078069810971</k2>
          <k3>0.00066726557699330568</k3>
          <p1>0.00059531550180793474</p1>
          <p2>-0.00061012689256292288</p2>
        </calibration>
        <covariance>
          <params>f cx cy k1 k2 k3 p1 p2</params>
          <coeffs>3.7994009661345430e+01 5.2888410225897742e-01 3.4637508643306264e-01 -1.5852610309033586e-04 2.6109475603286104e-05 5.9849136820289198e-05 8.9237048648520606e-06 -9.8861863646324680e-06 5.2888410225897742e-01 1.9418990877714374e-02 5.6388413020884969e-03 -2.2109531826601702e-06 3.6899474472306219e-07 8.3194986525332264e-07 1.1888559615564115e-07 -1.4062828750770860e-07 3.4637508643306264e-01 5.6388413020884969e-03 7.2011428442307840e-03 -1.4454431034605186e-06 2.3710840732929724e-07 5.4617145600958668e-07 8.0043334269398278e-08 -9.1884565854903805e-08 -1.5852610309033586e-04 -2.2109531826601702e-06 -1.4454431034605186e-06 6.9422047770201262e-10 -1.5132573269837344e-10 -2.3356002840671412e-10 -3.7381723066942458e-11 4.1243211551285786e-11 2.6109475603286104e-05 3.6899474472306219e-07 2.3710840732929724e-07 -1.5132573269837344e-10 7.9321047940968722e-11 1.6499165781408610e-11 6.1480622205343851e-12 -6.7724833410015062e-12 5.9849136820289198e-05 8.3194986525332264e-07 5.4617145600958668e-07 -2.3356002840671412e-10 1.6499165781408610e-11 1.0453882413973783e-10 1.4062948083505891e-11 -1.5575265822518322e-11 8.9237048648520606e-06 1.1888559615564115e-07 8.0043334269398278e-08 -3.7381723066942458e-11 6.1480622205343851e-12 1.4062948083505891e-11 2.5379620581426276e-12 -2.4507559162185133e-12 -9.8861863646324680e-06 -1.4062828750770860e-07 -9.1884565854903805e-08 4.1243211551285786e-11 -6.7724833410015062e-12 -1.5575265822518322e-11 -2.4507559162185133e-12 3.8221505454190101e-12</coeffs>
        </covariance>
        <meta>
          <property name="Exif/BodySerialNumber" value="91729d101b4029bd904de8ef6494c684"/>
          <property name="Exif/Make" value="DJI"/>
          <property name="Exif/Model" value="FC6310S"/>
          <property name="Exif/Software" value="v01.08.1719"/>
        </meta>
      </sensor>
    </sensors>
    <components next_id="1" active_id="0">
      <component id="0" label="Component 1">
        <transform>
          <rotation locked="true">9.7524189716645848e-01 -2.2099375635180168e-01 8.0623609872010477e-03 1.1807817151115044e-01 4.8955860500009091e-01 -8.6393860758907426e-01 1.8697803995055320e-01 8.4350111554394880e-01 5.0353260137985500e-01</rotation>
          <translation locked="true">6.0907486440931575e+05 -5.4127969291064255e+06 3.3073614160146667e+06</translation>
          <scale locked="true">2.7868543801870311e+00</scale>
        </transform>
        <region>
          <center>-7.8801509300392238e+00 9.1566509394693152e-01 -8.5023058946840724e-01</center>
          <size>1.4004316280568142e+02 7.2096447708025067e+01 2.1534146849816540e+01</size>
          <R>-2.1954847496955224e-01 -9.7532098994084493e-01 2.3397301540008478e-02 9.7145202264768049e-01 -2.2076136950393052e-01 -8.6864178051021063e-02 8.9885676457788430e-02 3.6584580849535098e-03 9.9594537041554965e-01</R>
        </region>
        <partition>
          <camera_ids>10 12 320</camera_ids>
          <partition>
            <partition>
              <partition>
                <camera_ids>45 47 48 49 50 51 52 53 56 57 59 60 62 63 64 67 68 69 75 76 77 79 81 82 84 85 89 90 94 355 363 364 367 370 374 375 379 380 381 382 383 387 389 392 395 396 397 400 401 402 404 405 1221 1222 1223 1224 1225 1226 1227 1228 1229 1230 1231 1232 1233 1234 1235 1236 1237 1238 1239 1240 1241 1242 1243 1244 1245 1246 1247 1248 1249 1250 1251 1252 1253 1254 1255 1256 1257 1258 1259 1260 1261 1262 1263 1264 1265 1266 1267 1268 1269 1270 1271 1272</camera_ids>
              </partition>
              <partition>
                <camera_ids>645 646 647 648 649 650 651 652 653 654 669 670 671 672 673 674 675 676 677 678 679 680 681 682 683 684 685 686 687 688 689 690 830 831 832 833 834 835 836 837 838 839 840 841 842 843 844 845 846 847 848 849 850 851 852 853 854 855 856 857 858 859 860 861 862 863 864 865 866 867 868 869 870 871 872 873 874 1016 1017 1018 1019 1020 1021 1022 1023 1024 1025 1026 1027 1028 1029 1030 1031 1032 1033 1034 1035 1036 1037 1038 1039 1040 1041 1042 1043 1044 1214 1215 1216 1217 1218 1219 1220</camera_ids>
              </partition>
              <partition>
                <camera_ids>1045 1046 1047 1048 1049 1050 1051 1052 1053 1054 1055 1056 1057 1058 1059 1060 1061 1062 1063 1064 1065 1066 1067 1068 1069 1070 1071 1072 1073 1074 1075 1076 1077 1078 1179 1180 1181 1182 1183 1184 1185 1186 1187 1188 1189 1190 1191 1192 1193 1194 1195 1196 1197 1198 1199 1200 1201 1202 1203 1204 1205 1206 1207 1208 1209 1210 1211 1212 1213</camera_ids>
              </partition>
            </partition>
            <partition>
              <partition>
                <camera_ids>97 98 99 100 101 102 103 104 105 107 109 113 117 119 122 123 124 125 126 129 130 132 133 134 137 139 144 146 147 151 154 235 236 238 239 241 242 244 246 247 250 253 256 261 264 265 267 415 417 419 420 421 423 424 425 427 429 430 436 437 440 444 445 447 449 450 451 452 454 457 458 459 461 462 546 549 552 554 557 558 560 561 563 564 566 567 568 569 571 572 575 577</camera_ids>
              </partition>
              <partition>
                <camera_ids>197 198 199 202 207 210 212 213 214 219 220 221 223 225 227 228 229 231 232 270 271 275 276 280 281 285 286 287 292 295 296 297 299 300 302 303 305 308 509 510 512 513 514 515 517 518 520 524 525 526 527 531 533 535 539 542 543 578 581 582 583 586 587 588 591 592 593 597 598 599 600 602 603 607 610 613 615 616</camera_ids>
              </partition>
              <partition>
                <camera_ids>13 15 16 19 21 22 23 30 31 37 39 40 41 42 43 44 157 158 163 164 165 166 167 169 173 175 176 179 180 184 185 188 189 190 192 193 194 195 323 326 327 329 333 334 335 336 337 338 341 342 343 344 345 347 464 465 468 469 470 471 477 479 480 481 483 486 487 490 491 492 495 496 500 505 1273 1274 1275 1276 1277 1278 1279</camera_ids>
              </partition>
            </partition>
          </partition>
          <partition>
            <partition>
              <partition>
                <camera_ids>46 54 55 58 61 65 66 70 71 72 73 74 78 80 83 108 110 111 112 114 115 116 118 120 121 127 128 131 135 136 138 140 141 142 143 145 148 354 356 357 358 359 360 361 362 365 366 368 369 371 372 373 376 377 378 384 385 386 388 390 391 418 422 426 428 431 432 433 434 435 438 439 441 442 443 446 448 453 455 456</camera_ids>
              </partition>
              <partition>
                <camera_ids>191 196 200 201 203 204 205 206 208 209 211 215 216 217 218 222 224 226 230 233 234 237 240 294 298 301 304 306 307 501 502 503 504 506 507 508 511 516 519 521 522 523 528 529 530 532 534 536 537 538 540 541 544 545 547 548 604 605 606 608 609 611 612 614 617 618 619 620 621 622 623 624 625 626 627 628 629 630 631 632 633 634 635 636 637 638 639 640 641 642 643 644</camera_ids>
              </partition>
              <partition>
                <camera_ids>5 7 11 14 17 18 20 24 25 26 27 28 29 32 33 34 35 36 38 149 150 152 153 155 156 159 160 161 162 168 170 171 172 174 177 178 181 182 183 186 187 309 310 311 312 313 315 317 318 319 321 322 324 325 328 330 331 332 339 340 346 348 349 350 351 352 353 460 463 466 467 472 473 474 475 476 478 482 484 485 488 489 493 494 497 498 499 655 656 657 658 659 660 661 662 663 664 665 666 667 668</camera_ids>
              </partition>
            </partition>
            <partition>
              <partition>
                <camera_ids>268 269 272 273 274 277 278 279 282 283 284 288 289 290 291 293 579 580 584 585 589 590 594 595 596 601 734 735 736 737 738 739 740 741 742 743 744 745 746 747 748 749 750 751 752 753 754 755 756 757 758 759 760</camera_ids>
              </partition>
              <partition>
                <camera_ids>86 87 88 91 92 93 95 96 106 243 245 248 249 251 252 254 255 257 258 259 260 262 263 266 393 394 398 399 403 406 407 408 409 410 411 412 413 414 416 550 551 553 555 556 559 562 565 570 573 574 576</camera_ids>
              </partition>
            </partition>
          </partition>
          <partition>
            <partition>
              <partition>
                <camera_ids>875 876 877 878 879 880 881 882 883 884 885 886 887 888 889 890 891 892 893 894 895 896 897 898 899 900 901 902 903 904 905 906 907 908 909 910 980 981 982 983 984 985 986 987 988 989 990 991 992 993 994 995 996 997 998 999 1000 1001 1002 1003 1004 1005 1006 1007 1008 1009 1010 1011 1012 1013 1014 1015</camera_ids>
              </partition>
              <partition>
                <camera_ids>0 1 2 3 4 6 8 9 314 316 1079 1080 1081 1082 1083 1084 1085 1086 1087 1088 1089 1090 1091 1092 1093 1094 1095 1096 1097 1098 1099 1100 1129 1130 1131 1132 1133 1134 1135 1136 1137 1138 1139 1140 1141 1142 1143 1144 1145 1146 1147 1148 1149 1150 1151 1152 1153 1154 1155 1156 1157 1158 1159 1160 1161 1162 1163 1164 1165 1166 1167 1168 1169 1170 1171 1172 1173 1174 1175 1176 1177 1178 1280 1281 1282 1283 1284 1285 1286 1287 1288 1289 1290 1291 1292 1293 1294 1295 1296 1297 1298 1299 1300 1301 1302 1303 1304 1305 1306 1307</camera_ids>
              </partition>
              <partition>
                <camera_ids>691 692 693 694 695 696 697 698 699 700 701 702 703 704 705 706 707 708 709 710 711 712 713 714 715 716 717 718 719 720 721 722 723 724 725 726 727 728 729 730 731 732 733 794 795 796 797 798 799 800 801 802 803 804 805 806 807 808 809 810 811 812 813 814 815 816 817 818 819 820 821 822 823 824 825 826 827 828 829</camera_ids>
              </partition>
            </partition>
            <partition>
              <partition>
                <camera_ids>945 946 947 948 949 950 951 952 953 954 955 956 957 958 959 960 961 962 963 964 965 966 967 968 969 970 971 972 973 974 975 976 977 978 979 1101 1102 1103 1104 1105 1106 1107 1108 1109 1110 1111 1112 1113 1114 1115 1116 1117 1118 1119 1120 1121 1122 1123 1124 1125 1126 1127 1128</camera_ids>
              </partition>
              <partition>
                <camera_ids>761 762 763 764 765 766 767 768 769 770 771 772 773 774 775 776 777 778 779 780 781 782 783 784 785 786 787 788 789 790 791 792 793 911 912 913 914 915 916 917 918 919 920 921 922 923 924 925 926 927 928 929 930 931 932 933 934 935 936 937 938 939 940 941 942 943 944</camera_ids>
              </partition>
            </partition>
          </partition>
        </partition>
      </component>
    </components>
    <cameras next_id="1308" next_group_id="0">
      <camera id="0" sensor_id="0" component_id="0" label="1_DJI_0001">
        <transform>9.9658940934069129e-01 -1.2418303769466083e-02 -8.1580236095890754e-02 7.3292769851600355e+00 -1.3530859477182886e-02 -9.9982265184601837e-01 -1.3098881532588064e-02 4.2486904146022255e+01 -8.1403102101705788e-02 1.4158057320314207e-02 -9.9658069637191660e-01 4.5217454354117043e-01 0 0 0 1</transform>
        <rotation_covariance>4.7703247360573306e-09 6.5571394075086935e-10 8.9684163442615970e-11 6.5571394075086956e-10 5.7267776971981788e-09 -5.6092211395192239e-11 8.9684163442615932e-11 -5.6092211395192246e-11 1.1446943055330080e-09</rotation_covariance>
        <location_covariance>4.7260300721620716e-07 -2.4630481640722347e-08 2.7783999346225018e-06 -2.4630481640722347e-08 1.8052188487630229e-07 -6.3816595283168152e-08 2.7783999346225018e-06 -6.3816595283168152e-08 3.2077577575134995e-05</location_covariance>
        <orientation>1</orientation>
        <reference x="-83.579753600000004" y="31.437990299999999" z="33.43" yaw="0.20000000000000001" pitch="0.099999999999993788" roll="-0" enabled="true" rotation_enabled="false"/>
      </camera>
      <camera id="1" sensor_id="0" component_id="0" label="1_DJI_0002">
        <transform>9.9657452508024269e-01 -1.4037884343231263e-02 -8.1499409594515904e-02 7.5181155302830485e+00 -1.5161176788396916e-02 -9.9979818810397969e-01 -1.3180355928010090e-02 4.3543956147895422e+01 -8.1297937732021139e-02 1.4370833906357627e-02 -9.9658623533207391e-01 4.4343643791041742e-01 0 0 0 1</transform>
        <rotation_covariance>6.1122873144480471e-09 8.8560852707128419e-10 5.3776921916009956e-11 8.8560852707128419e-10 6.0141138249361843e-09 -1.2433782317224102e-10 5.3776921916010001e-11 -1.2433782317224105e-10 1.3043578818145550e-09</rotation_covariance>
        <location_covariance>4.9297019217075883e-07 -2.4625414478812730e-08 2.8281654272139325e-06 -2.4625414478812730e-08 2.0390385177811532e-07 -9.9079519312509537e-08 2.8281654272139325e-06 -9.9079519312509537e-08 3.2870343521160880e-05</location_covariance>
        <orientation>1</orientation>
        <reference x="-83.579753260000004" y="31.438017469999998" z="33.43" yaw="0.10000000000000001" pitch="0.099999999999993788" roll="-0" enabled="true" rotation_enabled="false"/>
      </camera>
      <camera id="2" sensor_id="0" component_id="0" label="1_DJI_0003">
        <transform>9.9661405127500236e-01 -8.3152265795787342e-03 -8.1800304450273753e-02 7.6801614663581494e+00 -9.3978501750902228e-03 -9.9987315717519609e-01 -1.2858848027406333e-02 4.4604643571070064e+01 -8.1683004433687201e-02 1.3584055632823666e-02 -9.9656578318706623e-01 4.4750824578897946e-01 0 0 0 1</transform>
        <rotation_covariance>7.9598570626097858e-09 1.0440228617870302e-09 4.3984854981362384e-11 1.0440228617870298e-09 6.2800737703419522e-09 -1.9911742242301448e-10 4.3984854981362423e-11 -1.9911742242301448e-10 1.5858330881001514e-09</rotation_covariance>
        <location_covariance>5.2399534775897354e-07 -2.9527294627070232e-08 2.9361100492755496e-06 -2.9527294627070232e-08 2.3586911588507674e-07 -1.6800570157518175e-07 2.9361100492755496e-06 -1.6800570157518175e-07 3.3996054904219081e-05</location_covariance>
        <orientation>1</orientation>
        <reference x="-83.579753670000002" y="31.438044690000002" z="33.530000000000001" yaw="359.80000000000001" pitch="0.099999999999993788" roll="-0" enabled="true" rotation_enabled="false"/>
      </camera>
      <camera id="3" sensor_id="0" component_id="0" label="1_DJI_0004">
        <transform>9.9655200098282726e-01 -1.5335132055803637e-02 -8.1541051391030475e-02 7.8404862118978862e+00 -1.6394069166009936e-02 -9.9978954487604255e-01 -1.2332901229463095e-02 4.5676470214143229e+01 -8.1334763989967362e-02 1.3627167034518495e-02 -9.9659367672352306e-01 4.3311501754034110e-01 0 0 0 1</transform>
        <rotation_covariance>1.0431616454806495e-08 1.1303295073173009e-09 -1.2848467937903905e-10 1.1303295073173013e-09 6.7389242306148973e-09 -3.3422525456645308e-10 -1.2848467937903918e-10 -3.3422525456645308e-10 2.1475177883630256e-09</rotation_covariance>
        <location_covariance>5.4943580492281651e-07 -3.7243971524587667e-08 2.9572603798358894e-06 -3.7243971524587667e-08 2.8097237003704734e-07 -2.5991551073252588e-07 2.9572603798358894e-06 -2.5991551073252588e-07 3.4660640420688306e-05</location_covariance>
        <orientation>1</orientation>
        <reference x="-83.579754280000003" y="31.438071579999999" z="33.530000000000001" yaw="0.10000000000000001" pitch="0.099999999999993788" roll="-0" enabled="true" rotation_enabled="false"/>
      </camera>
      <camera id="4" sensor_id="0" component_id="0" label="1_DJI_0005">
        <transform>9.9638224958771149e-01 -2.5245252628676003e-02 -8.1148567000571326e-02 7.9925352884662111e+00 -2.6322218046013122e-02 -9.9957870624167844e-01 -1.2229099122619894e-02 4.6684401243563258e+01 -8.0805652919025570e-02 1.4320867568937370e-02 -9.9662699100937613e-01 4.1007040589989574e-01 0 0 0 1</transform>
        <rotation_covariance>1.4673189213285221e-08 1.5045487989014975e-09 -7.1590532451687050e-10 1.5045487989014975e-09 7.4455325193812934e-09 -4.3975935977465272e-10 -7.1590532451687050e-10 -4.3975935977465261e-10 3.1680093414177802e-09</rotation_covariance>
        <location_covariance>5.7885673354998425e-07 -3.7339021180382579e-08 2.9425251287989302e-06 -3.7339021180382579e-08 3.5560355222351723e-07 -3.2718764952110002e-07 2.9425251287989302e-06 -3.2718764952110002e-07 3.5063716168584058e-05</location_covariance>
        <orientation>1</orientation>
        <reference x="-83.579754690000001" y="31.4380977" z="33.530000000000001" yaw="0.59999999999999998" pitch="0.099999999999993788" roll="-0" enabled="true" rotation_enabled="false"/>
      </camera>
      <camera id="5" sensor_id="0" component_id="0" label="1_DJI_0006">
        <transform>-9.8190670266719771e-01 1.6584905557655344e-01 -9.1396488015654614e-02 -3.3601091123119573e+01 1.6533290991857805e-01 9.8614889835270503e-01 1.3243080291265308e-02 -2.8346710364652893e+01 9.2326898329174914e-02 -2.1073780180134727e-03 -9.9572652008611429e-01 3.9918810510218248e+00 0 0 0 1</transform>
        <rotation_covariance>1.4974615002253697e-09 9.5399027409320844e-10 1.7034221376127728e-11 9.5399027409320823e-10 4.1404375264052470e-09 -5.5715860440139421e-12 1.7034221376127754e-11 -5.5715860440139470e-12 5.3062252319590156e-10</rotation_covariance>
        <location_covariance>5.3242656597825602e-07 6.9783434877694613e-09 4.3367697014052382e-06 6.9783434877694613e-09 9.5902258366383893e-08 1.4168890441356602e-07 4.3367697014052382e-06 1.4168890441356602e-07 4.4986432161448418e-05</location_covariance>
        <orientation>1</orientation>
        <reference x="-83.580615030000004" y="31.43604204" z="29.870000000000001" yaw="179.90000000000001" pitch="0.099999999999993788" roll="-0" enabled="true" rotation_enabled="false"/>
      </camera>
      <camera id="6" sensor_id="0" component_id="0" label="1_DJI_0007">
        <transform>-9.9517545057624202e-01 2.1587073907586147e-02 -9.5706952780255192e-02 1.0513961764351199e+01 2.1933675500230759e-02 9.9975612262377767e-01 -2.5708277501944599e-03 4.4890818290980064e+01 9.5628115371077752e-02 -4.6576299100513086e-03 -9.9540623367256298e-01 2.5215021806288640e-01 0 0 0 1</transform>
        <rotation_covariance>1.0342056400526534e-08 6.8923532201608568e-10 6.1155684852493155e-11 6.8923532201608578e-10 8.2545315130959794e-09 9.0576853036141044e-12 6.1155684852492845e-11 9.0576853036141060e-12 2.7321264837519161e-09</rotation_covariance>
        <location_covariance>5.9705924981613917e-07 -3.9116785633322630e-08 2.9943359376678559e-06 -3.9116785633322630e-08 2.8730960149862551e-07 -2.1382508594106392e-07 2.9943359376678559e-06 -2.1382508594106392e-07 3.5746594086682876e-05</location_covariance>
        <orientation>1</orientation>
        <reference x="-83.579673330000006" y="31.438063450000001" z="33.43" yaw="179" pitch="0.099999999999993788" roll="-0" enabled="true" rotation_enabled="false"/>
      </camera>
      <camera id="7" sensor_id="0" component_id="0" label="1_DJI_0008">
        <transform>-9.8595522176134298e-01 1.3978993221215316e-01 -9.1384219281350543e-02 -3.3998912460502069e+01 1.3920425721887189e-01 9.9018117589587196e-01 1.2783335777935223e-02 -3.0250953288476229e+01 9.2273915348176611e-02 -1.1727570480268845e-04 -9.9573365454459095e-01 4.0621300038777033e+00 0 0 0 1</transform>
        <rotation_covariance>1.6260844460675257e-09 1.0647892142437571e-09 4.9461079836665801e-11 1.0647892142437575e-09 4.1523752084939258e-09 3.5416538688426478e-11 4.9461079836665756e-11 3.5416538688426452e-11 5.5747471846021639e-10</rotation_covariance>
        <location_covariance>5.5815123744237994e-07 1.4726021116016894e-08 4.5705211631760934e-06 1.4726021116016894e-08 1.0089832909064784e-07 2.2210739521414430e-07 4.5705211631760934e-06 2.2210739521414430e-07 4.7561870846173691e-05</location_covariance>
        <orientation>1</orientation>
        <reference x="-83.580616109999994" y="31.43599313" z="30.170000000000002" yaw="179.19999999999999" pitch="0.099999999999993788" roll="-0" enabled="true" rotation_enabled="false"/>
      </camera>
      <camera id="8" sensor_id="0" component_id="0" label="1_DJI_0009">
        <transform>-9.9375294683009141e-01 5.8533475656551419e-02 -9.5020591947606883e-02 1.0136896983129274e+01 5.9013540381422064e-02 9.9825465212441411e-01 -2.2475683783251682e-03 4.2792925918456966e+01 9.4723189970355101e-02 -7.8410292391294205e-03 -9.9547276986480715e-01 2.9347214046123393e-01 0 0 0 1</transform>
        <rotation_covariance>8.8500887029624779e-09 6.2495773340334922e-10 9.5187920908585316e-11 6.2495773340334902e-10 7.8987861778085257e-09 -2.9702006256947851e-10 9.5187920908585574e-11 -2.9702006256947851e-10 1.8949067734586522e-09</rotation_covariance>
        <location_covariance>5.4372765624255035e-07 -3.1544452959377329e-08 2.9160480772696516e-06 -3.1544452959377329e-08 2.3328386327687577e-07 -1.1697378861793131e-07 2.9160480772696516e-06 -1.1697378861793131e-07 3.4752922540245485e-05</location_covariance>
        <orientation>1</orientation>
        <reference x="-83.579674519999998" y="31.43801032" z="33.530000000000001" yaw="180.80000000000001" pitch="0.099999999999993788" roll="-0" enabled="true" rotation_enabled="false"/>
      </camera>
      <camera id="9" sensor_id="0" component_id="0" label="1_DJI_0010">
        <transform>-9.9458236436512792e-01 4.3065724445951394e-02 -9.4611119176438579e-02 9.9173346391211830e+00 4.3507199689580472e-02 9.9904971085916050e-01 -2.6074522809572676e-03 4.1845600468329195e+01 9.4408919435844951e-02 -6.7095909094284645e-03 -9.9551089261784753e-01 3.0675628031567442e-01 0 0 0 1</transform>
        <rotation_covariance>9.8069971016977225e-09 7.6164190587774159e-10 -5.7411242470729091e-11 7.6164190587774138e-10 7.9280742265925948e-09 -4.1816353180756949e-10 -5.7411242470729014e-11 -4.1816353180756949e-10 2.1309714728354294e-09</rotation_covariance>
        <location_covariance>5.2566911240986831e-07 -2.4848012920721944e-08 2.8466391693761276e-06 -2.4848012920721944e-08 2.3068673268467591e-07 -5.1599937184916254e-08 2.8466391693761276e-06 -5.1599937184916254e-08 3.4078723238985107e-05</location_covariance>
        <orientation>1</orientation>
        <reference x="-83.579676239999998" y="31.43798649" z="33.43" yaw="179.69999999999996" pitch="0.099999999999993788" roll="-0" enabled="true" rotation_enabled="false"/>
      </camera>
      <camera id="10" sensor_id="0" label="1_DJI_0011" enabled="false">
        <orientation>1</orientation>
        <reference x="-83.579675559999998" y="31.437959559999999" z="34.030000000000001" yaw="178.80000000000001" pitch="0.099999999999993788" roll="-0" enabled="true" rotation_enabled="false"/>
      </camera>
      <camera id="11" sensor_id="0" component_id="0" label="1_DJI_0012">
        <transform>-9.8799701911652327e-01 1.2396540756887270e-01 -9.2165437899186436e-02 -3.4740141623928146e+01 1.2311610472618613e-01 9.9228091606088942e-01 1.4866350541203555e-02 -3.4331983688815363e+01 9.3296918351659652e-02 3.3408603153196603e-03 -9.9563272529504476e-01 3.9787552129888306e+00 0 0 0 1</transform>
        <rotation_covariance>1.5800629126536173e-09 1.1048478013910904e-09 8.1340559162727293e-11 1.1048478013910902e-09 4.3644646655974759e-09 7.0578270618486899e-11 8.1340559162727306e-11 7.0578270618486886e-11 5.5717529999615721e-10</rotation_covariance>
        <location_covariance>5.6411536186231316e-07 3.8023725640073735e-09 4.4694941263476234e-06 3.8023725640073735e-09 1.0596177446760398e-07 9.3532137390934055e-08 4.4694941263476234e-06 9.3532137390934055e-08 4.5806861989358643e-05</location_covariance>
        <orientation>1</orientation>
        <reference x="-83.580615809999998" y="31.43588871" z="29.870000000000001" yaw="179.49999999999997" pitch="0.099999999999993788" roll="-0" enabled="true" rotation_enabled="false"/>
      </camera>
      <camera id="12" sensor_id="0" label="1_DJI_0013" enabled="false">
        <orientation>1</orientation>
        <reference x="-83.579676390000003" y="31.437902680000001" z="34.229999999999997" yaw="180.09999999999999" pitch="0.099999999999993788" roll="-0" enabled="true" rotation_enabled="false"/>
      </camera>
      <camera id="13" sensor_id="0" component_id="0" label="1_DJI_0014">
        <transform>-9.8570690605279543e-01 1.3896412288689000e-01 -9.5241104099558604e-02 9.0969495212797771e+00 1.3924051973960891e-01 9.9025141419277052e-01 3.7701925495579047e-03 3.7445140058636923e+01 9.4836559524632838e-02 -9.5451160021487458e-03 -9.9544709439429091e-01 7.5372306954890367e-01 0 0 0 1</transform>
        <rotation_covariance>3.6799693382622871e-09 -2.4928637803654488e-10 1.5611572404867584e-10 -2.4928637803654493e-10 3.4040423921431024e-09 6.4809363945515010e-11 1.5611572404867590e-10 6.4809363945515023e-11 6.1133544853699551e-10</rotation_covariance>
        <location_covariance>5.0852692732014133e-07 -5.2010927146394334e-08 3.7325946205718239e-06 -5.2010927146394334e-08 1.4613700423957400e-07 -3.9990998613670454e-07 3.7325946205718239e-06 -3.9990998613670454e-07 4.3054342720800508e-05</location_covariance>
        <orientation>1</orientation>
        <reference x="-83.579674130000001" y="31.437876259999999" z="34.130000000000003" yaw="180.30000000000004" pitch="0.099999999999993788" roll="-0" enabled="true" rotation_enabled="false"/>
      </camera>
      <camera id="14" sensor_id="0" component_id="0" label="1_DJI_0015">
        <transform>-9.8965849988088572e-01 1.0974612651975482e-01 -9.2367966998440992e-02 -3.5020163215721816e+01 1.0886615921131182e-01 9.9395025662424275e-01 1.4527447648480185e-02 -3.7348038927301388e+01 9.3403495609599207e-02 4.3214662456156627e-03 -9.9561895920949395e-01 4.1480660353188670e+00 0 0 0 1</transform>
        <rotation_covariance>1.8299632311605469e-09 1.2691055087154636e-09 6.6367493682162441e-11 1.2691055087154636e-09 4.4010120868118067e-09 7.7703413972935975e-11 6.6367493682162454e-11 7.7703413972935988e-11 5.1072216418788700e-10</rotation_covariance>
        <location_covariance>6.5145807725693495e-07 1.6577436215720247e-08 5.2039040671308851e-06 1.6577436215720247e-08 1.1525473611340317e-07 2.1196947630741882e-07 5.2039040671308851e-06 2.1196947630741882e-07 5.3247179604492737e-05</location_covariance>
        <orientation>1</orientation>
        <reference x="-83.58061189" y="31.435812309999999" z="29.670000000000002" yaw="179.29999999999998" pitch="0.099999999999993788" roll="-0" enabled="true" rotation_enabled="false"/>
      </camera>
      <camera id="15" sensor_id="0" component_id="0" label="1_DJI_0016">
        <transform>-9.8605850903835024e-01 1.3587571451169042e-01 -9.6054187618256459e-02 8.7051699231728126e+00 1.3616544018348983e-01 9.9067970573234609e-01 3.5628008233383190e-03 3.5374765486732365e+01 9.5643032431547897e-02 -9.5661306706465998e-03 -9.9536973004571994e-01 7.8557726545055007e-01 0 0 0 1</transform>
        <rotation_covariance>3.0287879472764413e-09 -3.1442137062858617e-10 1.2553742067944003e-10 -3.1442137062858612e-10 3.3604579842159480e-09 2.3510666470852377e-11 1.2553742067944005e-10 2.3510666470852357e-11 4.7842324770712740e-10</rotation_covariance>
        <location_covariance>5.0144311669150647e-07 -4.3500552183930077e-08 3.7359409269047232e-06 -4.3500552183930077e-08 1.3166892276607713e-07 -3.1695367510764659e-07 3.7359409269047232e-06 -3.1695367510764659e-07 4.2013452453114985e-05</location_covariance>
        <orientation>1</orientation>
        <reference x="-83.579675890000004" y="31.437824129999999" z="34.030000000000001" yaw="179.90000000000001" pitch="0.099999999999993788" roll="-0" enabled="true" rotation_enabled="false"/>
      </camera>
      <camera id="16" sensor_id="0" component_id="0" label="1_DJI_0017">
        <transform>-9.8836127679596686e-01 1.1782070090133952e-01 -9.6230291329516798e-02 8.5327881654638080e+00 1.1803225820426520e-01 9.9300355444237054e-01 3.5109668211019129e-03 3.4303587207312383e+01 9.5970685906938649e-02 -7.8881749431848336e-03 -9.9535290432218937e-01 8.1820219471243116e-01 0 0 0 1</transform>
        <rotation_covariance>2.8420627342216403e-09 -3.2731525796933006e-10 1.2688119864074373e-10 -3.2731525796933006e-10 3.3077004474807493e-09 1.9121691914392547e-11 1.2688119864074363e-10 1.9121691914392563e-11 4.5235071014723639e-10</rotation_covariance>
        <location_covariance>4.9981658986225286e-07 -4.0579337128489816e-08 3.7644174695661624e-06 -4.0579337128489816e-08 1.2774338429092495e-07 -2.9405950379825669e-07 3.7644174695661624e-06 -2.9405950379825669e-07 4.2108912275725154e-05</location_covariance>
        <orientation>1</orientation>
        <reference x="-83.579675629999997" y="31.43779554" z="33.93" yaw="179" pitch="0.099999999999993788" roll="-0" enabled="true" rotation_enabled="false"/>
      </camera>
      <camera id="17" sensor_id="0" component_id="0" label="1_DJI_0018">
        <transform>-9.8965761109703032e-01 1.1094621998009620e-01 -9.0932662282851628e-02 -3.5529501511301646e+01 1.1009392043171030e-01 9.9381757091159406e-01 1.4351460948435856e-02 -4.0421165787257877e+01 9.1962717889888884e-02 4.1918992719694988e-03 -9.9575362740930973e-01 4.2768447436899324e+00 0 0 0 1</transform>
        <rotation_covariance>2.5024689451858506e-09 1.3572183858606222e-09 7.6751368017739671e-11 1.3572183858606220e-09 4.2535858881909338e-09 4.1895557461429243e-11 7.6751368017739658e-11 4.1895557461429263e-11 6.7358315339288936e-10</rotation_covariance>
        <location_covariance>7.0117048354671956e-07 2.9959725094004762e-08 5.6208023438395674e-06 2.9959725094004762e-08 1.3869266575472320e-07 3.3448058152931545e-07 5.6208023438395674e-06 3.3448058152931545e-07 5.9324965932193826e-05</location_covariance>
        <orientation>1</orientation>
        <reference x="-83.580613330000006" y="31.435734650000001" z="29.670000000000002" yaw="179.80000000000001" pitch="0.099999999999993788" roll="-0" enabled="true" rotation_enabled="false"/>
      </camera>
      <camera id="18" sensor_id="0" component_id="0" label="1_DJI_0019">
        <transform>9.8031107718240618e-01 1.8270419929170675e-01 -7.4895710922901981e-02 -3.2885396623509678e+01 1.8367133703829647e-01 -9.8296830477093367e-01 6.1767116106491316e-03 -4.1180195140612618e+01 -7.2491598851419439e-02 -1.9811294176123675e-02 -9.9717224225257695e-01 4.0995438038218843e+00 0 0 0 1</transform>
        <rotation_covariance>3.7948411247306787e-09 4.8213647540525508e-10 1.1796703834738889e-11 4.8213647540525508e-10 2.1665552180841982e-09 3.0749565839181231e-11 1.1796703834738940e-11 3.0749565839181231e-11 4.8147639445363391e-10</rotation_covariance>
        <location_covariance>6.2301124427882591e-07 2.8462336967538358e-08 5.4166275466539693e-06 2.8462336967538358e-08 1.2561299643897410e-07 3.3094694360337610e-07 5.4166275466539693e-06 3.3094694360337610e-07 6.0842771645230919e-05</location_covariance>
        <orientation>1</orientation>
        <reference x="-83.580535650000002" y="31.435726070000001" z="29.870000000000001" yaw="343.09999999999997" pitch="0.099999999999993788" roll="-0" enabled="true" rotation_enabled="false"/>
      </camera>
      <camera id="19" sensor_id="0" component_id="0" label="1_DJI_0020">
        <transform>-9.8595340618891614e-01 1.3639145109189804e-01 -9.6401519145295489e-02 7.9925291776939948e+00 1.3670159710491558e-01 9.9060639887144075e-01 3.4111382149830047e-03 3.1171187611326836e+01 9.5961211817273948e-02 -9.8150182884582209e-03 -9.9533668235555228e-01 8.6165758799661241e-01 0 0 0 1</transform>
        <rotation_covariance>2.4048685053601851e-09 -3.1744777987756218e-10 1.5302316133381557e-10 -3.1744777987756218e-10 3.2680464896144068e-09 2.7423904794531030e-11 1.5302316133381557e-10 2.7423904794531027e-11 4.6643957122054733e-10</rotation_covariance>
        <location_covariance>4.8513852209417768e-07 -2.8251037081621664e-08 3.7025480197585472e-06 -2.8251037081621664e-08 1.1630292351427402e-07 -1.8855949219674815e-07 3.7025480197585472e-06 -1.8855949219674815e-07 4.0792363483679223e-05</location_covariance>
        <orientation>1</orientation>
        <reference x="-83.579676840000005" y="31.437715690000001" z="34.030000000000001" yaw="180.40000000000003" pitch="0.099999999999993788" roll="-0" enabled="true" rotation_enabled="false"/>
      </camera>
      <camera id="20" sensor_id="0" component_id="0" label="1_DJI_0021">
        <transform>9.8990687744243266e-01 -1.1896215182333644e-01 -7.7021947688518527e-02 -3.2526250044420394e+01 -1.1911619625753599e-01 -9.9287689721979822e-01 2.6074424869057533e-03 -3.8972782241442800e+01 -7.6783499407799771e-02 6.5934361866796243e-03 -9.9702598803538944e-01 4.1659082895167892e+00 0 0 0 1</transform>
        <rotation_covariance>4.0359836184345970e-09 6.5637896657482810e-11 3.2971704229976985e-11 6.5637896657482823e-11 1.8595454115853707e-09 -2.6131991572584078e-11 3.2971704229977011e-11 -2.6131991572584081e-11 3.7498530805021562e-10</rotation_covariance>
        <location_covariance>6.4071082639624366e-07 3.6451801294272488e-08 5.6524366160841859e-06 3.6451801294272488e-08 1.1142022580642082e-07 4.6693828082695375e-07 5.6524366160841859e-06 4.6693828082695375e-07 6.2290569269117443e-05</location_covariance>
        <orientation>1</orientation>
        <reference x="-83.580536629999997" y="31.435783010000002" z="29.870000000000001" yaw="0.30000000000000004" pitch="0.099999999999993788" roll="-0" enabled="true" rotation_enabled="false"/>
      </camera>
      <camera id="21" sensor_id="0" component_id="0" label="1_DJI_0022">
        <transform>-9.8779083006916779e-01 1.2215723240869658e-01 -9.6679297688345253e-02 7.5871032245189687e+00 1.2232104817902920e-01 9.9248147231577610e-01 4.2530321293306472e-03 2.9033223953081450e+01 9.6471950346448399e-02 -7.6248068931085156e-03 -9.9530649807795146e-01 9.0007084009235783e-01 0 0 0 1</transform>
        <rotation_covariance>2.3325257444610819e-09 -4.3113589695006174e-10 1.7378150947836814e-10 -4.3113589695006158e-10 3.2772175339396110e-09 2.6461116046470544e-11 1.7378150947836814e-10 2.6461116046470551e-11 5.1463649894486973e-10</rotation_covariance>
        <location_covariance>4.7900681174054314e-07 -2.7959720304354625e-08 3.6830589756506948e-06 -2.7959720304354625e-08 1.1216559769356035e-07 -2.0555376977295163e-07 3.6830589756506948e-06 -2.0555376977295163e-07 4.0190541093002794e-05</location_covariance>
        <orientation>1</orientation>
        <reference x="-83.579678770000001" y="31.437660229999999" z="34.130000000000003" yaw="179.59999999999997" pitch="0.099999999999993788" roll="-0" enabled="true" rotation_enabled="false"/>
      </camera>
      <camera id="22" sensor_id="0" component_id="0" label="1_DJI_0023">
        <transform>-9.8610334341080486e-01 1.3529402292319093e-01 -9.6414332312636367e-02 7.3843239165604269e+00 1.3554163307794312e-01 9.9076354895727148e-01 4.0069639575370797e-03 2.7982991037747315e+01 9.6065924325936719e-02 -9.1168754983199651e-03 -9.9533322096901400e-01 8.4839240435870233e-01 0 0 0 1</transform>
        <rotation_covariance>2.1506185801336704e-09 -3.7613018776121809e-10 1.7985074284791020e-10 -3.7613018776121788e-10 3.2290877902836464e-09 4.4228588283372999e-11 1.7985074284791018e-10 4.4228588283372992e-11 5.1566172504585640e-10</rotation_covariance>
        <location_covariance>4.5180922234957664e-07 -2.0573860028723021e-08 3.4553024151448076e-06 -2.0573860028723021e-08 1.0892512812281470e-07 -1.3721239938844424e-07 3.4553024151448076e-06 -1.3721239938844424e-07 3.7791032446820646e-05</location_covariance>
        <orientation>1</orientation>
        <reference x="-83.579679690000006" y="31.437634419999998" z="34.229999999999997" yaw="180.50000000000003" pitch="0.099999999999993788" roll="-0" enabled="true" rotation_enabled="false"/>
      </camera>
      <camera id="23" sensor_id="0" component_id="0" label="1_DJI_0024">
        <transform>-9.8794239157390495e-01 1.2105873410139557e-01 -9.6512247041505850e-02 7.2545014385837057e+00 1.2125917055505703e-01 9.9261357872113454e-01 3.8074787881306519e-03 2.6960459241761590e+01 9.6260295488496350e-02 -7.9414253248450486e-03 -9.9532451455607041e-01 8.1941055666790497e-01 0 0 0 1</transform>
        <rotation_covariance>2.0279716453366676e-09 -3.6823906820179285e-10 1.5060001951944964e-10 -3.6823906820179300e-10 3.2139173649197926e-09 5.9513992604502713e-11 1.5060001951944964e-10 5.9513992604502739e-11 4.9547822561679599e-10</rotation_covariance>
        <location_covariance>4.3682012635387803e-07 -1.5999456947600990e-08 3.3293538608990456e-06 -1.5999456947600990e-08 1.0459190469606184e-07 -9.5387352782726919e-08 3.3293538608990456e-06 -9.5387352782726919e-08 3.6342152592843287e-05</location_covariance>
        <orientation>1</orientation>
        <reference x="-83.579678520000002" y="31.437607230000001" z="34.030000000000001" yaw="179.59999999999997" pitch="0.099999999999993788" roll="-0" enabled="true" rotation_enabled="false"/>
      </camera>
      <camera id="24" sensor_id="0" component_id="0" label="1_DJI_0025">
        <transform>9.9102966673958637e-01 -1.0950776134614024e-01 -7.6604502785289921e-02 -3.1883539753137043e+01 -1.0973031889676182e-01 -9.9396053224664915e-01 1.3105154607372885e-03 -3.4810126949817949e+01 -7.6285363975271539e-02 7.1070768192461912e-03 -9.9706069659888086e-01 4.1097066729489828e+00 0 0 0 1</transform>
        <rotation_covariance>3.6738678712944439e-09 -1.0192502015957916e-10 1.4877376770871936e-11 -1.0192502015957918e-10 1.9011515838329153e-09 8.8746672496083237e-12 1.4877376770871978e-11 8.8746672496083302e-12 3.4801680670703282e-10</rotation_covariance>
        <location_covariance>5.8641330534256288e-07 3.8042211573136508e-08 5.2528476120168943e-06 3.8042211573136508e-08 9.7701327552387723e-08 4.9816033298302869e-07 5.2528476120168943e-06 4.9816033298302869e-07 5.8326005928207622e-05</location_covariance>
        <orientation>1</orientation>
        <reference x="-83.580537969999995" y="31.435889370000002" z="30.07" yaw="0" pitch="0.099999999999993788" roll="-0" enabled="true" rotation_enabled="false"/>
      </camera>
      <camera id="25" sensor_id="0" component_id="0" label="1_DJI_0026">
        <transform>9.8986333047349517e-01 -1.1927636758861181e-01 -7.7095623214202838e-02 -3.1666936727087460e+01 -1.1954822031590159e-01 -9.9282779066236315e-01 1.0959506342009635e-03 -3.3870712067721676e+01 -7.6673398276198887e-02 8.1318032045988482e-03 -9.9702310092265189e-01 4.0413670253373626e+00 0 0 0 1</transform>
        <rotation_covariance>3.6058021504100185e-09 -7.0992025456393560e-11 1.6982096229933098e-11 -7.0992025456393560e-11 1.9025641012250046e-09 1.0633242679944676e-11 1.6982096229933150e-11 1.0633242679944676e-11 3.3921183799691053e-10</rotation_covariance>
        <location_covariance>5.7014211446427161e-07 3.5945472837479997e-08 5.0641998215681395e-06 3.5945472837479997e-08 9.4275661960666101e-08 4.6792499692048340e-07 5.0641998215681395e-06 4.6792499692048340e-07 5.5641527407146884e-05</location_covariance>
        <orientation>1</orientation>
        <reference x="-83.58053554" y="31.435914" z="30.07" yaw="0.5" pitch="0.099999999999993788" roll="-0" enabled="true" rotation_enabled="false"/>
      </camera>
      <camera id="26" sensor_id="0" component_id="0" label="1_DJI_0027">
