<?xml version="1.0" encoding="UTF-8"?>
<document version="1.5.0">
  <chunk label="Chunk 1" enabled="true">
    <sensors next_id="1">
      <sensor id="0" label="FC6310S (8.8mm)" type="frame">
        <resolution width="5472" height="3648"/>
        <property name="pixel_width" value="0.0024122807017543861"/>
        <property name="pixel_height" value="0.0024122807017543861"/>
        <property name="focal_length" value="8.8000000000000007"/>
        <property name="layer_index" value="0"/>
        <bands>
          <band label="Red"/>
          <band label="Green"/>
          <band label="Blue"/>
        </bands>
        <data_type>uint8</data_type>
        <calibration type="frame" class="adjusted">
          <resolution width="5472" height="3648"/>
          <f>2902.9330525248711</f>
          <cx>-9.5933222318587195</cx>
          <cy>-8.7620351209095091</cy>
          <k1>-0.0070159538466606011</k1>
          <k2>0.0014534054949938001</k2>
          <k3>0.0011901708609336396</k3>
          <p1>0.00068884819161126813</p1>
          <p2>-0.00067982827593311603</p2>
        </calibration>
        <covariance>
          <params>f cx cy k1 k2 k3 p1 p2</params>
          <coeffs>1.9101106681361205e+01 3.6317975692600174e-01 2.0586939175637253e-01 -9.8246824505724919e-05 3.9269436051188314e-05 4.6478484785237051e-05 4.3891363532210698e-06 -4.8744729703586698e-06 3.6317975692600174e-01 1.0945189532750038e-02 4.0950897406762379e-03 -1.8724268529253715e-06 7.5676770414104968e-07 8.7795213016987436e-07 8.2362944515526185e-08 -9.4434208337500527e-08 2.0586939175637253e-01 4.0950897406762379e-03 3.7331845999136713e-03 -1.0578444018537534e-06 4.2188617237517499e-07 5.0165444079661830e-07 4.7037120552003343e-08 -5.2995509143560344e-08 -9.8246824505724919e-05 -1.8724268529253715e-06 -1.0578444018537534e-06 5.2671241430782461e-10 -2.3818376790956740e-10 -2.2096931284254684e-10 -2.2638590047195855e-11 2.5069751226107150e-11 3.9269436051188314e-05 7.5676770414104968e-07 4.2188617237517499e-07 -2.3818376790956740e-10 1.4924326313989743e-10 5.9519512411404786e-11 9.0448954685464206e-12 -1.0017624143917888e-11 4.6478484785237051e-05 8.7795213016987436e-07 5.0165444079661830e-07 -2.2096931284254684e-10 5.9519512411404786e-11 1.3276443972388819e-10 1.0681747322054546e-11 -1.1856345548282376e-11 4.3891363532210698e-06 8.2362944515526185e-08 4.7037120552003343e-08 -2.2638590047195855e-11 9.0448954685464206e-12 1.0681747322054546e-11 1.2393709932915050e-12 -1.1558277194037766e-12 -4.8744729703586698e-06 -9.4434208337500527e-08 -5.2995509143560344e-08 2.5069751226107150e-11 -1.0017624143917888e-11 -1.1856345548282376e-11 -1.1558277194037766e-12 1.7045561833491792e-12</coeffs>
        </covariance>
        <meta>
          <property name="Exif/BodySerialNumber" value="91729d101b4029bd904de8ef6494c684"/>
          <property name="Exif/Make" value="DJI"/>
          <property name="Exif/Model" value="FC6310S"/>
          <property name="Exif/Software" value="v01.08.1719"/>
        </meta>
      </sensor>
    </sensors>
    <components next_id="1" active_id="0">
      <component id="0" label="Component 1">
        <transform>
          <rotation locked="true">9.9448369107165235e-01 -7.8540093333588468e-02 6.9524398103495977e-02 1.0211655903067089e-01 5.7349868437025164e-01 -8.1281699502245053e-01 2.3966571808201768e-02 8.1543283767870289e-01 5.7835533253443805e-01</rotation>
          <translation locked="true">6.0910008133367612e+05 -5.4128695748234019e+06 3.3072528608654765e+06</translation>
          <scale locked="true">2.9048574314647571e+00</scale>
        </transform>
        <region>
          <center>-1.2165198492557209e+01 4.4926052085877821e+01 -4.0303292955718845e-01</center>
          <size>1.3321092457628578e+02 7.0760825914790104e+01 2.1590942336040982e+01</size>
          <R>-7.8678644496268352e-02 -9.9467173123656449e-01 -6.6616949638102371e-02 9.9668317607053747e-01 -7.7091959488291686e-02 -2.6066766585095789e-02 2.0792244664202517e-02 -6.8446890806750843e-02 9.9743807111053895e-01</R>
        </region>
        <partition>
          <partition>
            <partition>
              <partition>
                <camera_ids>86 87 90 91 95 96 97 99 105 107 334 335 336 337 338 339 340 341 342 343 344 345 346 347 348 349 350 351 352 353 354 355 356 357 358 359 360 504 505 506 507 508 509 510 511 512 513 514 515 516 517 518 519 520 521 522 523 524 525 526 527 528 529 530 531 532 533 534 535 536 537 538 539 540 541 542 543 544 545 546 547 548 549 550 551 702 703 706 707 710 711 712 716 718 719 720 721 722 724 726 727 1157 1158 1159 1160 1161 1162 1163 1164 1165 1166 1167 1168 1169 1170 1171 1172 1173 1174</camera_ids>
              </partition>
              <partition>
                <camera_ids>309 310 311 312 313 314 315 316 317 318 319 320 321 322 323 324 325 326 327 328 329 330 331 332 333 361 362 363 364 365 366 367 368 369 370 371 372 373 374 375 376 377 378 379 380 381 382 383 384 385 386 387 388 389 390 391 392 393 394 483 484 485 486 487 488 489 490 491 492 493 494 495 496 497 498 499 500 501 502 503 1136 1137 1138 1139 1140 1141 1142 1143 1144 1145 1146 1147 1148 1175 1176 1177 1178 1179 1180 1181 1182 1183 1184 1185 1186 1187 1188 1189 1190 1191 1192 1193 1194 1195 1196 1197 1198 1199 1200 1201 1285 1286 1287 1288 1289 1290</camera_ids>
              </partition>
              <partition>
                <camera_ids>5 7 12 13 16 17 18 19 21 23 24 27 28 162 166 167 177 180 183 184 187 188 189 624 626 627 628 629 632 633 638 640 643 644 647 781 782 783 786 787 788 789 790 791 792 793 794 796 797 799 800 803 804 965 966 967 968 969 970 971 972 973 974 975 976 977 978 979 980 981 982 983 984 985 986 987 988 989 990 1149 1150 1151 1152 1153 1154 1155 1156</camera_ids>
              </partition>
            </partition>
            <partition>
              <partition>
                <camera_ids>56 63 65 66 67 70 76 77 78 80 83 110 113 115 117 118 120 122 123 124 125 126 131 134 136 138 141 143 144 235 237 240 241 243 245 247 248 251 257 262 264 268 552 553 554 555 556 557 558 559 560 561 562 563 564 565 566 567 568 569 570 571 572 675 676 677 678 679 680 682 686 687 689 690 691 692 693 697 699 700 729 730 732 734 737 739 745 746 747 748 750 751 753 755 757 758 760 854 856 857 860 862 864 867 868 870 871 872 873 874 876 877 878 879 881 883 884 885</camera_ids>
              </partition>
              <partition>
                <camera_ids>6 8 9 10 11 14 15 20 22 25 26 29 32 35 36 41 44 45 50 51 52 161 163 164 165 168 169 170 171 172 173 174 175 176 178 179 181 182 185 186 573 574 575 576 577 578 579 580 581 582 583 584 585 586 587 588 589 590 591 592 593 594 595 596 623 625 630 631 634 635 636 637 639 641 642 645 646 648 649 651 652 655 656 657 658 660 661 664 665 666 667 671 672 673 778 780 784 785 795 798 801 802 805 806 807</camera_ids>
              </partition>
              <partition>
                <camera_ids>145 146 148 151 152 153 154 156 157 158 190 194 197 200 201 202 203 205 206 208 209 210 212 213 215 218 222 223 225 227 228 229 230 232 233 269 271 275 279 280 289 291 292 293 295 296 297 299 300 301 303 305 307 765 767 768 773 777 809 810 811 813 814 816 817 822 825 829 832 834 835 837 838 839 842 844 849 852 888 890 891 892 894 895 896 899 900 901 902 903 904 905 906 908 912 916 920 922 924 926</camera_ids>
              </partition>
            </partition>
          </partition>
          <partition>
            <partition>
              <partition>
                <camera_ids>217 219 220 221 224 226 231 234 236 238 239 242 244 290 294 298 302 304 306 308 836 840 841 843 845 846 847 848 850 851 853 855 858 859 861 907 909 910 911 913 914 915 917 918 919 921 923 925 927 928 929 930 931 932 933 934 935 1044 1045 1046 1047 1048</camera_ids>
              </partition>
              <partition>
                <camera_ids>59 60 61 62 64 68 69 71 72 73 74 75 79 81 82 108 109 111 112 114 116 119 121 127 128 129 130 132 133 681 683 684 685 688 694 695 696 698 701 728 731 733 735 736 738 740 741 742 743 744 749</camera_ids>
              </partition>
              <partition>
                <camera_ids>1007 1008 1009 1010 1011 1012 1013 1014 1015 1016 1017 1018 1019 1020 1021 1022 1023 1024 1025 1026 1027 1028 1029 1030 1031 1032 1033 1034 1035 1036 1037 1038 1039 1040 1041 1042 1043 1097 1098 1099 1100 1101 1102 1103 1104 1105 1106 1107 1108 1109 1110 1111 1112 1113 1114 1115 1116 1117 1118 1119 1120 1121 1122 1123 1124 1125 1126 1127 1128 1129 1130 1131 1132 1133 1134 1135</camera_ids>
              </partition>
              <partition>
                <camera_ids>84 85 88 89 92 93 94 98 100 101 102 103 104 106 246 249 250 252 253 254 255 256 258 259 260 261 263 265 266 267 270 272 273 274 276 277 278 281 282 283 284 285 286 287 288 704 705 708 709 713 714 715 717 723 725 863 865 866 869 875 880 882 886 887 889 893 897 898 1049 1050 1051 1052 1053 1054 1055 1056 1057 1058 1059 1060 1061 1062 1063 1064 1065 1066 1067 1068 1069</camera_ids>
              </partition>
            </partition>
            <partition>
              <partition>
                <camera_ids>1070 1071 1072 1073 1074 1075 1076 1077 1078 1079 1080 1081 1082 1083 1084 1085 1086 1087 1088 1089 1090 1091 1092 1093 1094 1095 1096 1202 1203 1204 1205 1206 1207 1208 1209 1210 1211 1212 1213 1214 1215 1216 1217 1218 1219 1220 1221 1222 1223 1224 1225 1226 1227 1228 1229 1230 1231 1232 1233 1234 1255 1256 1257 1258 1259 1260 1261 1262 1263 1264 1265 1266 1267 1268 1269 1270 1271 1272 1273 1274 1275 1276 1277 1278 1279 1280 1281 1282 1283 1284 1291 1292 1293 1294 1295 1296 1297 1298 1299 1300 1301 1302 1303 1304 1305 1306 1307</camera_ids>
              </partition>
              <partition>
                <camera_ids>1 395 396 397 398 399 400 401 402 403 404 405 406 407 408 409 410 411 412 413 414 415 416 417 418 419 420 421 422 423 424 425 426 427 428 429 430 431 432 433 434 435 436 437 438 439 440 441 442 443 444 445 446 447 448 449 450 451 452 453 454 455 456 457 458 459 460 461 462 463 464 465 466 467 468 469 470 471 472 473 474 475 476 477 478 479 480 481 482 597 598 599 600 601 602 603 604 605 606 607 608 609 610 611 612 613 614 615 616 617 618 620 621 622 1235 1236 1237 1238 1239 1240 1241 1242 1243 1244 1245 1246 1247 1248 1249 1250 1251 1252 1253 1254</camera_ids>
              </partition>
            </partition>
            <partition>
              <partition>
                <camera_ids>0 2 3 4 30 31 33 34 37 38 39 40 42 43 46 47 48 49 53 54 55 57 58 135 137 139 140 142 147 149 150 155 159 160 191 192 193 195 196 198 199 619 650 653 654 659 662 663 668 669 670 674 752 754 756 759 761 762 763 764 766 769 770 771 772 774 775 776 779 808 812 815 818 819 820</camera_ids>
              </partition>
              <partition>
                <camera_ids>204 207 211 214 216 821 823 824 826 827 828 830 831 833 936 937 938 939 940 941 942 943 944 945 946 947 948 949 950 951 952 953 954 955 956 957 958 959 960 961 962 963 964 991 992 993 994 995 996 997 998 999 1000 1001 1002 1003 1004 1005 1006</camera_ids>
              </partition>
            </partition>
          </partition>
        </partition>
      </component>
    </components>
    <cameras next_id="1308" next_group_id="0">
      <camera id="0" sensor_id="0" component_id="0" label="1_DJI_0310">
        <transform>-9.9922912257455998e-01 -2.2122750327678575e-02 -3.2430610799275568e-02 -3.2639226637538044e+01 -2.4715662614327259e-02 9.9633701377274608e-01 8.1863856542075508e-02 1.8839221632106575e+01 3.0500764259435154e-02 8.2602293577999142e-02 -9.9611573849389834e-01 1.3183613876674907e+00 0 0 0 1</transform>
        <rotation_covariance>8.4609820779491308e-10 3.8567797154715010e-10 6.0964084720461267e-11 3.8567797154715015e-10 2.5692271684185753e-09 5.2299411580680110e-11 6.0964084720461280e-11 5.2299411580680149e-11 2.5337275166430236e-10</rotation_covariance>
        <location_covariance>1.0082352299713878e-07 -7.1414482950755065e-08 1.1341630947417419e-06 -7.1414482950755065e-08 1.5993005632020648e-07 -1.8265592846421428e-06 1.1341630947417419e-06 -1.8265592846421428e-06 2.9318653803729475e-05</location_covariance>
        <orientation>1</orientation>
        <reference x="-83.580614940000004" y="31.436174430000001" z="44.469999999999999" yaw="180.90000000000001" pitch="0.099999999999993788" roll="-0" enabled="true" rotation_enabled="false"/>
      </camera>
      <camera id="1" sensor_id="0" component_id="0" label="1_DJI_0311">
        <transform>9.9732196128108885e-01 7.2528864496612055e-02 -9.4058152902283948e-03 -3.6533096555326052e+00 7.2963446287413830e-02 -9.9553807069652789e-01 5.9835485288414883e-02 8.8612167146936443e+01 -5.0240474027894028e-03 -6.0361524240765449e-02 -9.9816393710603790e-01 5.5365139440586502e+00 0 0 0 1</transform>
        <rotation_covariance>2.6699865675685704e-09 -3.5923623269886023e-11 1.3259918370979726e-10 -3.5923623269886049e-11 2.1100502133672212e-09 -1.4001836923774089e-10 1.3259918370979729e-10 -1.4001836923774092e-10 4.3818887159212798e-10</rotation_covariance>
        <location_covariance>8.9859703469552006e-08 -3.3410936531564307e-08 4.1186394635557570e-07 -3.3410936531564307e-08 1.9737450884801756e-07 -1.5606391080969280e-06 4.1186394635557570e-07 -1.5606391080969280e-06 1.9982194189275706e-05</location_covariance>
        <orientation>1</orientation>
        <reference x="-83.579753339999996" y="31.438016520000001" z="46.810000000000002" yaw="359.89999999999998" pitch="0.099999999999993788" roll="-0" enabled="true" rotation_enabled="false"/>
      </camera>
      <camera id="2" sensor_id="0" component_id="0" label="1_DJI_0312">
        <transform>-9.9868081545793919e-01 -3.7735078485131357e-02 -3.4823737421283835e-02 -3.2665754320463037e+01 -4.0496430003134541e-02 9.9578186034579841e-01 8.2331802866587755e-02 1.6908360183369236e+01 3.1570048990566563e-02 8.3633429069854825e-02 -9.9599637627290127e-01 9.3204927941219218e-01 0 0 0 1</transform>
        <rotation_covariance>7.0192320019414619e-10 4.9123365442874185e-10 3.3152103487005690e-11 4.9123365442874174e-10 2.7447381886310622e-09 4.8289214289600269e-11 3.3152103487005690e-11 4.8289214289600256e-11 2.1581782455063766e-10</rotation_covariance>
        <location_covariance>1.0065830924897759e-07 -7.0077043968318123e-08 1.1220656973269094e-06 -7.0077043968318123e-08 1.4419552238711043e-07 -1.6273358241587300e-06 1.1220656973269094e-06 -1.6273358241587300e-06 2.6019288632404523e-05</location_covariance>
        <orientation>1</orientation>
        <reference x="-83.580615109999997" y="31.436122319999999" z="43.869999999999997" yaw="179.49999999999997" pitch="0.099999999999993788" roll="-0" enabled="true" rotation_enabled="false"/>
      </camera>
      <camera id="3" sensor_id="0" component_id="0" label="1_DJI_0313">
        <transform>-9.9875249315055536e-01 -3.5595912966241164e-02 -3.5019828749588547e-02 -3.2667107977350973e+01 -3.8388195198879371e-02 9.9584387364757698e-01 8.2591317872772463e-02 1.5924030792124224e+01 3.1934368553698682e-02 8.3832632659891992e-02 -9.9596801444945426e-01 8.7587339487211280e-01 0 0 0 1</transform>
        <rotation_covariance>7.2393987492951909e-10 5.3980816230986494e-10 3.0674981814434504e-11 5.3980816230986484e-10 2.7357011148635260e-09 4.7770942152919401e-11 3.0674981814434492e-11 4.7770942152919375e-11 2.1378378254641557e-10</rotation_covariance>
        <location_covariance>1.0217732448994830e-07 -7.1456679522048669e-08 1.1502872740475738e-06 -7.1456679522048669e-08 1.4670953223463545e-07 -1.6594832913287595e-06 1.1502872740475738e-06 -1.6594832913287595e-06 2.6553306187831642e-05</location_covariance>
        <orientation>1</orientation>
        <reference x="-83.580614969999999" y="31.436096110000001" z="44.07" yaw="179.29999999999998" pitch="0.099999999999993788" roll="-0" enabled="true" rotation_enabled="false"/>
      </camera>
      <camera id="4" sensor_id="0" component_id="0" label="1_DJI_0314">
        <transform>-9.9939322441536327e-01 1.3515124546751356e-02 -3.2101781899896195e-02 -3.2719683282848393e+01 1.0766669722772571e-02 9.9638247118608381e-01 8.4297389853977236e-02 1.5186560128553099e+01 3.3124942501737850e-02 8.3900610972736586e-02 -9.9592340351186548e-01 8.8344177780334987e-01 0 0 0 1</transform>
        <rotation_covariance>6.9271285801739624e-10 5.3461109536074773e-10 3.2301319500576768e-11 5.3461109536074763e-10 2.2917681102167998e-09 4.1676553410862936e-11 3.2301319500576768e-11 4.1676553410862981e-11 2.1374032721738019e-10</rotation_covariance>
        <location_covariance>9.2446412976548327e-08 -6.6730902163191875e-08 1.0441023837106847e-06 -6.6730902163191875e-08 1.5914071771876584e-07 -1.7899082157894913e-06 1.0441023837106847e-06 -1.7899082157894913e-06 2.7732058917695309e-05</location_covariance>
        <orientation>1</orientation>
        <reference x="-83.580613420000006" y="31.436071179999999" z="43.969999999999999" yaw="179.59999999999997" pitch="0.099999999999993788" roll="-0" enabled="true" rotation_enabled="false"/>
      </camera>
      <camera id="5" sensor_id="0" component_id="0" label="1_DJI_0315">
        <transform>-9.9946117543276025e-01 8.7945992860941052e-03 -3.1622995208598251e-02 -3.2761683376815071e+01 6.0971373947439978e-03 9.9641271719057400e-01 8.4406883229317956e-02 1.4152806362793244e+01 3.2251879296493854e-02 8.4168592980369689e-02 -9.9592944741961986e-01 8.5549891899960251e-01 0 0 0 1</transform>
        <rotation_covariance>6.8670796116356427e-10 5.8385369391288783e-10 3.3479145721944693e-11 5.8385369391288793e-10 2.1818883740773111e-09 4.4232241722445621e-11 3.3479145721944686e-11 4.4232241722445633e-11 2.0153155358225736e-10</rotation_covariance>
        <location_covariance>9.1608124479541121e-08 -6.6221571754704266e-08 1.0498816440611477e-06 -6.6221571754704266e-08 1.6352842349559536e-07 -1.8504666228077403e-06 1.0498816440611477e-06 -1.8504666228077403e-06 2.8825450271012271e-05</location_covariance>
        <orientation>1</orientation>
        <reference x="-83.580613470000003" y="31.436044809999999" z="44.07" yaw="179.80000000000001" pitch="0.099999999999993788" roll="-0" enabled="true" rotation_enabled="false"/>
      </camera>
      <camera id="6" sensor_id="0" component_id="0" label="1_DJI_0316">
        <transform>-9.9681711800607165e-01 -7.4765645490167384e-02 -2.7671854012858689e-02 -1.0564258955799088e+00 -7.6518926600714549e-02 9.9468302680999621e-01 6.8924089025375501e-02 9.0365003669790866e+01 2.2371569501150677e-02 7.0822132349584566e-02 -9.9723805505381335e-01 5.6164238876564045e+00 0 0 0 1</transform>
        <rotation_covariance>5.2114172764278193e-09 1.3284213207999981e-10 3.1234149578475581e-11 1.3284213207999984e-10 2.5474951429189885e-09 3.9609335769015966e-10 3.1234149578475568e-11 3.9609335769015966e-10 1.2475816516107347e-09</rotation_covariance>
        <location_covariance>1.2134504002965536e-07 -2.4529657103015272e-08 3.1618491044962757e-07 -2.4529657103015272e-08 2.3255609929023237e-07 -1.6107544781615884e-06 3.1618491044962757e-07 -1.6107544781615884e-06 2.0472326568014004e-05</location_covariance>
        <orientation>1</orientation>
        <reference x="-83.579674440000005" y="31.438064099999998" z="46.609999999999999" yaw="179.09999999999999" pitch="0.099999999999993788" roll="-0" enabled="true" rotation_enabled="false"/>
      </camera>
      <camera id="7" sensor_id="0" component_id="0" label="1_DJI_0317">
        <transform>-9.9951444355295727e-01 -1.0261272792167434e-02 -2.9420798930470969e-02 -3.2805217196248442e+01 -1.2720996277928491e-02 9.9632733910704563e-01 8.4675909216083922e-02 1.2215959567381741e+01 2.8443863709408532e-02 8.5009056156143237e-02 -9.9597409955717331e-01 7.5706796371712637e-01 0 0 0 1</transform>
        <rotation_covariance>6.9534102974117936e-10 5.4230648624493455e-10 4.8917779937900872e-11 5.4230648624493455e-10 1.9179762097868954e-09 5.6534359138231677e-11 4.8917779937900859e-11 5.6534359138231651e-11 1.9630669674792743e-10</rotation_covariance>
        <location_covariance>8.4182185007151607e-08 -6.0088449414823007e-08 9.5085531624419429e-07 -6.0088449414823007e-08 1.7083424274548461e-07 -1.9351430083335117e-06 9.5085531624419429e-07 -1.9351430083335117e-06 3.0202174580610900e-05</location_covariance>
        <orientation>1</orientation>
        <reference x="-83.580614580000002" y="31.435993589999999" z="44.170000000000002" yaw="179.80000000000001" pitch="0.099999999999993788" roll="-0" enabled="true" rotation_enabled="false"/>
      </camera>
      <camera id="8" sensor_id="0" component_id="0" label="1_DJI_0318">
        <transform>-9.9783532991393775e-01 -5.9787402088893264e-02 -2.7388335601193036e-02 -1.1324751171447773e+00 -6.1534135416250128e-02 9.9577687316019148e-01 6.8131997313205239e-02 8.8293113855855381e+01 2.3199236067533952e-02 6.9669831568427154e-02 -9.9730031084679283e-01 5.5035184624238678e+00 0 0 0 1</transform>
        <rotation_covariance>2.3457671953142412e-09 -2.1911981999552022e-11 1.7065146887082638e-10 -2.1911981999552055e-11 2.1253774070523078e-09 1.7104309933950343e-10 1.7065146887082633e-10 1.7104309933950343e-10 4.8894591265452374e-10</rotation_covariance>
        <location_covariance>9.3025865073058248e-08 -2.0385925155841063e-08 3.1656308214406721e-07 -2.0385925155841063e-08 1.8220593172495684e-07 -1.5201428322234263e-06 3.1656308214406721e-07 -1.5201428322234263e-06 2.0388864176057792e-05</location_covariance>
        <orientation>1</orientation>
        <reference x="-83.579676059999997" y="31.43801118" z="46.609999999999999" yaw="180.19999999999999" pitch="0.099999999999993788" roll="-0" enabled="true" rotation_enabled="false"/>
      </camera>
      <camera id="9" sensor_id="0" component_id="0" label="1_DJI_0319">
        <transform>-9.9745316634547421e-01 -6.5697073780670912e-02 -2.7768245246072409e-02 -1.1503654362543585e+00 -6.7456792130180188e-02 9.9539712011439696e-01 6.8074624225712185e-02 8.7285456227889185e+01 2.3168127738222688e-02 6.9774406229099278e-02 -9.9729372307885411e-01 5.4274088616448797e+00 0 0 0 1</transform>
        <rotation_covariance>1.9803694467777226e-09 -1.1969184252267686e-10 1.0690607566019213e-10 -1.1969184252267684e-10 2.0065312237366103e-09 8.4411031825239274e-11 1.0690607566019215e-10 8.4411031825239300e-11 3.7190262785817546e-10</rotation_covariance>
        <location_covariance>8.4940955670375546e-08 -2.2155069233592309e-08 3.2663468785318560e-07 -2.2155069233592309e-08 1.7102938853888865e-07 -1.4805588867706676e-06 3.2663468785318560e-07 -1.4805588867706676e-06 2.0083790188527648e-05</location_covariance>
        <orientation>1</orientation>
        <reference x="-83.579675940000001" y="31.43798408" z="46.609999999999999" yaw="179.90000000000001" pitch="0.099999999999993788" roll="-0" enabled="true" rotation_enabled="false"/>
      </camera>
      <camera id="10" sensor_id="0" component_id="0" label="1_DJI_0320">
        <transform>-9.9733283437428732e-01 -6.7471144949631093e-02 -2.7836344554138630e-02 -1.1625636388859542e+00 -6.9232051774677172e-02 9.9527495467745186e-01 6.8078539928998760e-02 8.6247921370771252e+01 2.3111479528997537e-02 6.9824130434840870e-02 -9.9729155733065289e-01 5.3548837989571894e+00 0 0 0 1</transform>
        <rotation_covariance>1.7788095654129652e-09 -1.7879483675992404e-10 9.3816188138394259e-11 -1.7879483675992407e-10 1.9469816859424298e-09 5.6190659878951315e-11 9.3816188138394259e-11 5.6190659878951289e-11 3.3510809802305458e-10</rotation_covariance>
        <location_covariance>7.9103936685131650e-08 -2.2241017600802371e-08 3.2522864070687472e-07 -2.2241017600802371e-08 1.6368665510815170e-07 -1.4495445395643411e-06 3.2522864070687472e-07 -1.4495445395643411e-06 1.9861685625194861e-05</location_covariance>
        <orientation>1</orientation>
        <reference x="-83.579675960000003" y="31.437958380000001" z="46.710000000000001" yaw="179.80000000000001" pitch="0.099999999999993788" roll="-0" enabled="true" rotation_enabled="false"/>
      </camera>
      <camera id="11" sensor_id="0" component_id="0" label="1_DJI_0321">
        <transform>-9.9736406989823823e-01 -6.7121403701168897e-02 -2.7561372266384575e-02 -1.1626926624069265e+00 -6.8864697871987055e-02 9.9529783436092500e-01 6.8116622813028840e-02 8.5188650955234209e+01 2.2859690790154274e-02 6.9835077730587600e-02 -9.9729659402573956e-01 5.2836537712335785e+00 0 0 0 1</transform>
        <rotation_covariance>1.6487392483718561e-09 -2.3114900109476451e-10 1.1241166211599240e-10 -2.3114900109476451e-10 1.9013299208877167e-09 5.3928917664437289e-11 1.1241166211599239e-10 5.3928917664437315e-11 3.5085745245917733e-10</rotation_covariance>
        <location_covariance>7.3959676788627178e-08 -2.1069765392571747e-08 3.1161140287419234e-07 -2.1069765392571747e-08 1.5979952453306815e-07 -1.4246897906614975e-06 3.1161140287419234e-07 -1.4246897906614975e-06 1.9685632546899193e-05</location_covariance>
        <orientation>1</orientation>
        <reference x="-83.579675429999995" y="31.43792977" z="46.609999999999999" yaw="179.80000000000001" pitch="0.099999999999993788" roll="-0" enabled="true" rotation_enabled="false"/>
      </camera>
      <camera id="12" sensor_id="0" component_id="0" label="1_DJI_0322">
        <transform>-9.9871197927998256e-01 -4.1073825272160150e-02 -2.9787972743578025e-02 -3.2813671826849344e+01 -4.3477148814029622e-02 9.9542226388129040e-01 8.5113184057758778e-02 7.2577320622706081e+00 2.6155687214501011e-02 8.6298652636986689e-02 -9.9592591219396320e-01 3.4990439382034305e-01 0 0 0 1</transform>
        <rotation_covariance>7.3521704618003626e-10 5.7970379164478796e-10 4.7323972109407997e-11 5.7970379164478785e-10 1.9570207368898939e-09 4.7309111220790429e-11 4.7323972109408003e-11 4.7309111220790435e-11 1.7288668710832883e-10</rotation_covariance>
        <location_covariance>9.0324751575958482e-08 -6.1606467012407421e-08 9.8407841787980548e-07 -6.1606467012407421e-08 1.7765105679650680e-07 -1.9937598251300934e-06 9.8407841787980548e-07 -1.9937598251300934e-06 3.1384773766083761e-05</location_covariance>
        <orientation>1</orientation>
        <reference x="-83.580615039999998" y="31.435863820000002" z="44.07" yaw="179.90000000000001" pitch="0.099999999999993788" roll="-0" enabled="true" rotation_enabled="false"/>
      </camera>
      <camera id="13" sensor_id="0" component_id="0" label="1_DJI_0323">
        <transform>-9.9855819100021348e-01 -4.4423241400341353e-02 -3.0134943336056055e-02 -3.2815904418986584e+01 -4.6831117114233267e-02 9.9531672816780892e-01 8.4566288195482231e-02 6.2518702521574259e+00 2.6237104569926881e-02 8.5855612820684934e-02 -9.9596206157211198e-01 2.7298600590834488e-01 0 0 0 1</transform>
        <rotation_covariance>8.0021564637745372e-10 6.4719668280712085e-10 4.7185439187040482e-11 6.4719668280712095e-10 2.0081857139644790e-09 5.0216083873486677e-11 4.7185439187040482e-11 5.0216083873486697e-11 1.7141555084800025e-10</rotation_covariance>
        <location_covariance>9.3585937814752467e-08 -6.1687413431852341e-08 1.0135873144006708e-06 -6.1687413431852341e-08 1.7497129403163043e-07 -1.9709232388272080e-06 1.0135873144006708e-06 -1.9709232388272080e-06 3.1755032109102158e-05</location_covariance>
        <orientation>1</orientation>
        <reference x="-83.580614510000004" y="31.435838019999998" z="44.07" yaw="179.80000000000001" pitch="0.099999999999993788" roll="-0" enabled="true" rotation_enabled="false"/>
      </camera>
      <camera id="14" sensor_id="0" component_id="0" label="1_DJI_0324">
        <transform>-9.9800496524789595e-01 -5.6359977028805422e-02 -2.8454214623835544e-02 -1.2237253557695338e+00 -5.8183779018560131e-02 9.9599006343673169e-01 6.7959115609429632e-02 8.2118586821949492e+01 2.4509940833590933e-02 6.9479108547886276e-02 -9.9728226509635953e-01 5.0784715046478555e+00 0 0 0 1</transform>
        <rotation_covariance>1.2174753946408418e-09 -2.7404337845450327e-10 4.4063407713042235e-11 -2.7404337845450332e-10 1.7352616772713197e-09 6.1306985461349521e-11 4.4063407713042235e-11 6.1306985461349509e-11 2.4543095690307744e-10</rotation_covariance>
        <location_covariance>6.3799690927402281e-08 -2.2466592666801989e-08 3.4157821828227369e-07 -2.2466592666801989e-08 1.3959388329704275e-07 -1.3425958711978735e-06 3.4157821828227369e-07 -1.3425958711978735e-06 1.9239254849698121e-05</location_covariance>
        <orientation>1</orientation>
        <reference x="-83.579676129999996" y="31.437850820000001" z="46.710000000000001" yaw="180.40000000000003" pitch="0.099999999999993788" roll="-0" enabled="true" rotation_enabled="false"/>
      </camera>
      <camera id="15" sensor_id="0" component_id="0" label="1_DJI_0325">
        <transform>-9.9774341451523774e-01 -6.0790185831100310e-02 -2.8506702687171089e-02 -1.2356992339382877e+00 -6.2613233642132504e-02 9.9570861627535434e-01 6.8146419186157992e-02 8.1081699402434268e+01 2.4241736001165443e-02 6.9777537801502254e-02 -9.9726798477340584e-01 5.0205603989377368e+00 0 0 0 1</transform>
        <rotation_covariance>1.1420255505947417e-09 -2.6833424988256367e-10 3.8886728055215074e-11 -2.6833424988256362e-10 1.6847166054356390e-09 5.2524684147385096e-11 3.8886728055215068e-11 5.2524684147385115e-11 2.2566021693416897e-10</rotation_covariance>
        <location_covariance>6.1207281017470465e-08 -2.2708858954941467e-08 3.4369732649186904e-07 -2.2708858954941467e-08 1.3659664345664048e-07 -1.3384836626516847e-06 3.4369732649186904e-07 -1.3384836626516847e-06 1.9256972108777800e-05</location_covariance>
        <orientation>1</orientation>
        <reference x="-83.579676160000005" y="31.43782354" z="46.609999999999999" yaw="180.09999999999999" pitch="0.099999999999993788" roll="-0" enabled="true" rotation_enabled="false"/>
      </camera>
      <camera id="16" sensor_id="0" component_id="0" label="1_DJI_0326">
        <transform>-9.9832837940338170e-01 -4.9049816196352694e-02 -3.0570613486175617e-02 -3.2821621503377507e+01 -5.1477058673190565e-02 9.9509717244055307e-01 8.4449569751265843e-02 3.2964854262991423e+00 2.6278495165705729e-02 8.5882087375197272e-02 -9.9595868777771346e-01 6.5938610875127243e-02 0 0 0 1</transform>
        <rotation_covariance>9.8343210267923804e-10 7.9322848372370088e-10 5.7586252022855414e-11 7.9322848372370088e-10 2.0910444823933135e-09 5.8697358611645445e-11 5.7586252022855381e-11 5.8697358611645483e-11 1.8394508404696476e-10</rotation_covariance>
        <location_covariance>1.0249212443481177e-07 -6.2793260275227556e-08 1.0764343208380751e-06 -6.2793260275227556e-08 1.8238288187765294e-07 -2.0160159332795670e-06 1.0764343208380751e-06 -2.0160159332795670e-06 3.3220008046696221e-05</location_covariance>
        <orientation>1</orientation>
        <reference x="-83.580614920000002" y="31.43576092" z="44.07" yaw="180.09999999999999" pitch="0.099999999999993788" roll="-0" enabled="true" rotation_enabled="false"/>
      </camera>
      <camera id="17" sensor_id="0" component_id="0" label="1_DJI_0327">
        <transform>-9.9843655931770048e-01 -4.6637944940690110e-02 -3.0811347090657526e-02 -3.2817994718564897e+01 -4.9097197928657792e-02 9.9520624579940575e-01 8.4581283257030376e-02 2.2982081822611238e+00 2.6718947834561451e-02 8.5961796244383687e-02 -9.9594009228118385e-01 4.0519186689280291e-03 0 0 0 1</transform>
        <rotation_covariance>1.1030699349831685e-09 8.3255654424039093e-10 6.7568107196976524e-11 8.3255654424039103e-10 2.1442813165818073e-09 5.4328952705908100e-11 6.7568107196976537e-11 5.4328952705908100e-11 2.1470690428166022e-10</rotation_covariance>
        <location_covariance>1.0729419711345606e-07 -6.4451578872527029e-08 1.1108813793122902e-06 -6.4451578872527029e-08 1.8848235991094051e-07 -2.0494931570306144e-06 1.1108813793122902e-06 -2.0494931570306144e-06 3.3879548548704417e-05</location_covariance>
        <orientation>1</orientation>
        <reference x="-83.580614600000004" y="31.435735189999999" z="44.170000000000002" yaw="180.30000000000004" pitch="0.099999999999993788" roll="-0" enabled="true" rotation_enabled="false"/>
      </camera>
      <camera id="18" sensor_id="0" component_id="0" label="1_DJI_0328">
        <transform>9.2419787738401604e-01 3.8178026573757839e-01 -1.0105054785794737e-02 -3.0228163146486402e+01 3.8137540898779654e-01 -9.2116683274324529e-01 7.7488474453745515e-02 1.9109291693006731e+00 2.0275129056823007e-02 -7.5468503013653668e-02 -9.9694203652700242e-01 -9.2371012540207839e-02 0 0 0 1</transform>
        <rotation_covariance>1.5898850188389860e-09 4.6611886022120891e-10 -1.1218922057407200e-11 4.6611886022120901e-10 8.9086755463872702e-10 -8.7812291570294855e-12 -1.1218922057407196e-11 -8.7812291570294904e-12 1.4966596966711789e-10</rotation_covariance>
        <location_covariance>9.1175621699321357e-08 -5.9574900674249804e-08 1.0373143795734682e-06 -5.9574900674249804e-08 1.7164108258722063e-07 -1.9478315358766816e-06 1.0373143795734682e-06 -1.9478315358766816e-06 3.3294233160022624e-05</location_covariance>
        <orientation>1</orientation>
        <reference x="-83.580534299999997" y="31.435727369999999" z="43.969999999999999" yaw="341.10000000000002" pitch="0.099999999999993788" roll="-0" enabled="true" rotation_enabled="false"/>
      </camera>
      <camera id="19" sensor_id="0" component_id="0" label="1_DJI_0329">
        <transform>9.9671477878938153e-01 8.0312667437098112e-02 -1.0465428418015357e-02 -3.0302867200233127e+01 8.0867219374172558e-02 -9.9400048686187492e-01 7.3644585334194226e-02 2.9535711017814799e+00 -4.4880478522372333e-03 -7.4248956676131475e-02 -9.9722963747523174e-01 9.1403100312001419e-03 0 0 0 1</transform>
        <rotation_covariance>2.0586210303707050e-09 2.3571193126712750e-10 -2.5288662201690848e-12 2.3571193126712750e-10 6.7193068972179460e-10 -1.3007480989673208e-11 -2.5288662201690905e-12 -1.3007480989673211e-11 1.3545219231340729e-10</rotation_covariance>
        <location_covariance>8.6902233952925662e-08 -5.7726318043547750e-08 1.0014248981993265e-06 -5.7726318043547750e-08 1.6431061826709044e-07 -1.9179225883735497e-06 1.0014248981993265e-06 -1.9179225883735497e-06 3.3231551756387521e-05</location_covariance>
        <orientation>1</orientation>
        <reference x="-83.580538219999994" y="31.435754599999999" z="44.170000000000002" yaw="359" pitch="0.099999999999993788" roll="-0" enabled="true" rotation_enabled="false"/>
      </camera>
      <camera id="20" sensor_id="0" component_id="0" label="1_DJI_0330">
        <transform>-9.9833647495162992e-01 -5.0015857247283996e-02 -2.8682691731658980e-02 -1.2883174558419130e+00 -5.1927651248434320e-02 9.9617224582522967e-01 7.0316254759046515e-02 7.5966730250553979e+01 2.5055973678447342e-02 7.1688706721055206e-02 -9.9711229433383664e-01 4.6654317818296187e+00 0 0 0 1</transform>
        <rotation_covariance>9.1693830409225865e-10 -2.2591591324123396e-10 4.3323604463761756e-11 -2.2591591324123391e-10 1.5190341695254633e-09 9.2210196145506518e-12 4.3323604463761762e-11 9.2210196145506567e-12 1.8062404232441978e-10</rotation_covariance>
        <location_covariance>5.2528351368609444e-08 -2.3957327874320020e-08 3.3950753949168745e-07 -2.3957327874320020e-08 1.2709774499521365e-07 -1.2963614687098191e-06 3.3950753949168745e-07 -1.2963614687098191e-06 1.8584414998622794e-05</location_covariance>
        <orientation>1</orientation>
        <reference x="-83.579676320000004" y="31.43768987" z="46.609999999999999" yaw="180.19999999999999" pitch="0.099999999999993788" roll="-0" enabled="true" rotation_enabled="false"/>
      </camera>
      <camera id="21" sensor_id="0" component_id="0" label="1_DJI_0331">
        <transform>9.9823144516039197e-01 5.8698773846867107e-02 -9.4040332766808753e-03 -3.0241377341068048e+01 5.9227607002304221e-02 -9.9560710885715242e-01 7.2516035205206483e-02 4.9558424912941090e+00 -5.1061200314108327e-03 -7.2944765007342996e-02 -9.9732291099535464e-01 1.3827874916949076e-01 0 0 0 1</transform>
        <rotation_covariance>2.0239995329115999e-09 1.2444542341499405e-10 5.2782060163039804e-12 1.2444542341499405e-10 6.6277505321264732e-10 -1.1659193625775731e-11 5.2782060163039739e-12 -1.1659193625775733e-11 1.3127670760507401e-10</rotation_covariance>
        <location_covariance>7.8062287744972263e-08 -5.0946174625907043e-08 8.9672206879491706e-07 -5.0946174625907043e-08 1.5146826616636418e-07 -1.8166620092516328e-06 8.9672206879491706e-07 -1.8166620092516328e-06 3.2052804513344355e-05</location_covariance>
        <orientation>1</orientation>
        <reference x="-83.580537829999997" y="31.435807789999998" z="44.170000000000002" yaw="0.10000000000000001" pitch="0.099999999999993788" roll="-0" enabled="true" rotation_enabled="false"/>
      </camera>
      <camera id="22" sensor_id="0" component_id="0" label="1_DJI_0332">
        <transform>-9.9873946152544968e-01 -4.0972447253120270e-02 -2.8995629980137008e-02 -1.3103594477941340e+00 -4.2967650486695805e-02 9.9648525742837279e-01 7.1909058814334514e-02 7.3882832032407208e+01 2.5947427685762820e-02 7.3064288773658337e-02 -9.9698963921521855e-01 4.5203207241606904e+00 0 0 0 1</transform>
        <rotation_covariance>9.5914890759989187e-10 -2.3547291351364621e-10 4.3899476852156937e-11 -2.3547291351364616e-10 1.5299274972788214e-09 1.0277718998095052e-11 4.3899476852156930e-11 1.0277718998095049e-11 1.8995990187152240e-10</rotation_covariance>
        <location_covariance>5.1552002600627229e-08 -2.5148416489060652e-08 3.4751416131195533e-07 -2.5148416489060652e-08 1.2918509061332090e-07 -1.3070002421558788e-06 3.4751416131195533e-07 -1.3070002421558788e-06 1.8373821199131928e-05</location_covariance>
        <orientation>1</orientation>
        <reference x="-83.579676269999993" y="31.437634710000001" z="46.710000000000001" yaw="180.30000000000004" pitch="0.099999999999993788" roll="-0" enabled="true" rotation_enabled="false"/>
      </camera>
      <camera id="23" sensor_id="0" component_id="0" label="1_DJI_0333">
        <transform>9.9842041364824730e-01 5.5549922462926081e-02 -8.4192472837971433e-03 -3.0172616250235237e+01 5.6010474150948814e-02 -9.9587153784189986e-01 7.1433233874674623e-02 7.0104984781722850e+00 -4.4163781369720633e-03 -7.1791964945744122e-02 -9.9740985024882345e-01 2.5882602376976749e-01 0 0 0 1</transform>
        <rotation_covariance>2.0501552861207564e-09 3.6224565505033453e-11 1.0955047729134530e-11 3.6224565505033459e-11 7.0550168349491019e-10 -5.5663790791746620e-13 1.0955047729134530e-11 -5.5663790791746943e-13 1.3497868437215486e-10</rotation_covariance>
        <location_covariance>7.1268238283638541e-08 -4.4834617984253732e-08 8.0194804264163698e-07 -4.4834617984253732e-08 1.3915051888707092e-07 -1.6982297691418626e-06 8.0194804264163698e-07 -1.6982297691418626e-06 3.0702342720213115e-05</location_covariance>
        <orientation>1</orientation>
        <reference x="-83.580537050000004" y="31.435862109999999" z="44.170000000000002" yaw="0.20000000000000001" pitch="0.099999999999993788" roll="-0" enabled="true" rotation_enabled="false"/>
      </camera>
      <camera id="24" sensor_id="0" component_id="0" label="1_DJI_0334">
        <transform>9.9826926142324890e-01 5.8300466686556557e-02 -7.7160405397854841e-03 -3.0142846609138644e+01 5.8702138863422182e-02 -9.9574430577528084e-01 7.1044608584776514e-02 7.9472179400794136e+00 -3.5412695945664088e-03 -7.1374597023270925e-02 -9.9744329478393112e-01 3.2511831629288573e-01 0 0 0 1</transform>
        <rotation_covariance>2.0388270488971383e-09 -1.6496220150341291e-11 1.0100968016345435e-11 -1.6496220150341278e-11 7.2748716502224922e-10 1.4917280079939270e-12 1.0100968016345434e-11 1.4917280079939334e-12 1.3555994492112521e-10</rotation_covariance>
        <location_covariance>6.7965675316308374e-08 -4.1742235281343915e-08 7.5014790904524518e-07 -4.1742235281343915e-08 1.3510774324227868e-07 -1.6623695643715024e-06 7.5014790904524518e-07 -1.6623695643715024e-06 3.0294722725960023e-05</location_covariance>
