<?xml version="1.0" encoding="UTF-8"?>
<document version="1.5.0">
  <chunk label="Chunk 1" enabled="true">
    <sensors next_id="1">
      <sensor id="0" label="FC6310S (8.8mm)" type="frame">
        <resolution width="5472" height="3648"/>
        <property name="pixel_width" value="0.0024122807017543861"/>
        <property name="pixel_height" value="0.0024122807017543861"/>
        <property name="focal_length" value="8.8000000000000007"/>
        <property name="layer_index" value="0"/>
        <bands>
          <band label="Red"/>
          <band label="Green"/>
          <band label="Blue"/>
        </bands>
        <data_type>uint8</data_type>
        <calibration type="frame" class="adjusted">
          <resolution width="5472" height="3648"/>
          <f>2688.7173043376888</f>
          <cx>-10.903445931035753</cx>
          <cy>-8.4913407808654178</cy>
          <k1>-0.0056598745750768304</k1>
          <k2>0.00075368721321476329</k2>
          <k3>0.000889220603166113</k3>
          <p1>0.00065649521104082446</p1>
          <p2>-0.00063847976205744575</p2>
        </calibration>
        <covariance>
          <params>f cx cy k1 k2 k3 p1 p2</params>
          <coeffs>3.1873760926907693e+01 4.8260043577347528e-01 3.0447420162329747e-01 -1.4233261819060028e-04 3.5383812421345343e-05 6.3653224821929447e-05 7.4926733617468083e-06 -8.1097762118695107e-06 4.8260043577347528e-01 1.9963388933326876e-02 4.9568438085335316e-03 -2.1552417139563435e-06 5.4080002022552850e-07 9.6330286685563708e-07 1.0574463806435270e-07 -1.2186882284803870e-07 3.0447420162329747e-01 4.9568438085335316e-03 8.8682389063664234e-03 -1.3624229024407599e-06 3.3923682496845468e-07 6.0881429372659520e-07 7.0568607265454691e-08 -8.2008859962787419e-08 -1.4233261819060028e-04 -2.1552417139563435e-06 -1.3624229024407599e-06 6.6261538369618897e-10 -1.9729668105287413e-10 -2.6736274921924593e-10 -3.3555158566004701e-11 3.6143597573048194e-11 3.5383812421345343e-05 5.4080002022552850e-07 3.3923682496845468e-07 -1.9729668105287413e-10 1.0417834849247202e-10 4.1229811443701203e-11 8.2406967665662841e-12 -8.9154615276941383e-12 6.3653224821929447e-05 9.6330286685563708e-07 6.0881429372659520e-07 -2.6736274921924593e-10 4.1229811443701203e-11 1.4099479325024500e-10 1.5007037027415218e-11 -1.6223005214805644e-11 7.4926733617468083e-06 1.0574463806435270e-07 7.0568607265454691e-08 -3.3555158566004701e-11 8.2406967665662841e-12 1.5007037027415218e-11 2.1227889260549750e-12 -2.0037895479705366e-12 -8.1097762118695107e-06 -1.2186882284803870e-07 -8.2008859962787419e-08 3.6143597573048194e-11 -8.9154615276941383e-12 -1.6223005214805644e-11 -2.0037895479705366e-12 3.0443624958547257e-12</coeffs>
        </covariance>
        <meta>
          <property name="Exif/BodySerialNumber" value="91729d101b4029bd904de8ef6494c684"/>
          <property name="Exif/Make" value="DJI"/>
          <property name="Exif/Model" value="FC6310S"/>
          <property name="Exif/Software" value="v01.08.1719"/>
        </meta>
      </sensor>
    </sensors>
    <components next_id="2" active_id="1">
      <component id="1" label="Component 1">
        <transform>
          <rotation locked="true">-9.6539353193721411e-01 7.4718218557318000e-02 2.4986499616675509e-01 -2.5068507646965604e-01 -5.3006493355015716e-01 -8.1005441709546311e-01 7.1918849609781663e-02 -8.4465872045228318e-01 5.3045200068876852e-01</rotation>
          <translation locked="true">6.0905003355599102e+05 -5.4128702191387685e+06 3.3072592801664593e+06</translation>
          <scale locked="true">3.1381087728031547e+00</scale>
        </transform>
        <region>
          <center>-6.7499061968805680e+00 -4.0583873931075779e+01 -7.8699560001291893e+00</center>
          <size>1.2548040898640951e+02 6.9111465104420986e+01 3.7195255502065024e+01</size>
          <R>-6.0420984611297059e-02 -9.9783653489459634e-01 2.5914363741882853e-02 9.8559432092980437e-01 -6.3748047103681080e-02 -1.5665254878674820e-01 1.5796562654425500e-01 1.6075948494944401e-02 9.8731374178144049e-01</R>
        </region>
        <partition>
          <camera_ids>0 2 3 5 7 8 9 400 401 402 403 404 405 406 407 408 409 410 411 412 413 414 415 416 417 418 419 420 422 425 427 431 865 866 867 873 878 879 880 881 882 883 920 921 1117 1240 1241 1248 1249 1302 1317 1318 1319 1323 1324 1325</camera_ids>
          <partition>
            <partition>
              <partition>
                <partition>
                  <camera_ids>369 371 373 374 376 377 378 791 793 796 942 943 944 945 946 947 948 949 950 951 952 953 954 955 956 957 958 959 960 961 962 963 964 965 966 967 968 969 970 971 972 973 974 975 976 977 978 979 980 981 982 983 984 985 986 987 988 989 990 991 992 993 994 995 996 997 998 999 1000 1001 1002 1003 1004 1005 1006 1007 1008 1009 1010 1011 1012 1013 1014 1015 1016 1017 1018 1105 1106 1107 1108 1109 1110 1111 1112 1113 1114 1115 1116 1147 1148 1149 1150 1151 1152 1153 1154 1155 1156 1157</camera_ids>
                </partition>
                <partition>
                  <camera_ids>95 97 98 101 102 103 104 105 108 109 110 111 112 114 115 281 289 293 295 296 297 298 300 517 520 521 527 528 534 537 700 701 703 704 705 706 707 708 709 711 712 713 715 720 1158 1159 1160 1161 1162 1163 1164 1165 1166 1167 1332 1333 1334 1335 1336 1337 1338 1339 1340 1341 1342 1343 1344 1345 1346 1347 1348 1349 1350 1351</camera_ids>
                </partition>
              </partition>
              <partition>
                <partition>
                  <camera_ids>884 885 886 887 888 889 890 891 892 893 894 895 896 897 898 899 900 901 1019 1020 1021 1022 1023 1024 1025 1026 1027 1028 1029 1030 1031 1032 1033 1034 1035 1036 1037 1038 1039 1040 1041 1042 1043 1044 1045 1046 1047 1048 1049 1050 1051 1052 1053 1054 1055 1056 1057 1058 1059 1060 1061 1062 1063 1064 1065 1066 1067 1068 1069 1070 1071 1072 1073 1074 1075 1076 1077 1078 1079 1080 1081 1082 1083 1084 1085 1086 1087 1088 1089 1090 1091 1092 1093 1094 1095 1096 1097 1098 1099 1100 1101 1102 1103 1104 1242 1243 1244 1245 1246</camera_ids>
                </partition>
                <partition>
                  <camera_ids>1204 1205 1206 1207 1208 1209 1210 1211 1212 1213 1214 1215 1216 1217 1218 1219 1220 1221 1222 1223 1224 1225 1226 1227 1228 1229 1230 1231 1232 1233 1247 1250 1251 1252 1253 1254 1255 1256 1257 1258 1259 1260 1261 1262 1263 1264 1265 1266 1267 1268 1269 1270 1271 1272 1273 1274 1275 1276 1277 1278 1279 1280 1281 1282 1283 1284 1285 1286 1287 1288 1289 1290 1291 1292 1293 1294 1295</camera_ids>
                </partition>
              </partition>
            </partition>
            <partition>
              <partition>
                <partition>
                  <camera_ids>81 82 83 84 86 125 126 127 130 134 135 136 137 138 139 142 146 150 151 244 245 246 248 250 251 252 256 258 259 262 263 269 309 310 311 317 319 320 321 323 506 549 550 552 553 554 561 562 564 565 566 568 569 570 668 670 674 675 676 678 681 682 685 686 687 688 689 691 733 734 735 736 737 739 743 745</camera_ids>
                </partition>
                <partition>
                  <camera_ids>29 30 32 35 37 38 39 41 44 45 46 50 51 53 54 55 60 61 62 63 66 69 70 71 72 74 76 77 177 178 179 181 183 187 189 190 191 194 195 196 197 382 383 384 385 386 387 388 389 390 391 392 393 394 395 396 397 398 399 452 454 455 457 461 463 464 468 469 470 473 477 478 479 480 485 486 488 489 494 496 499 500 501 597 601 603 605 606 607 609 613 614 1366 1367 1368 1369 1370 1371 1372 1373 1374 1375 1376 1377 1378 1379 1380</camera_ids>
                </partition>
              </partition>
              <partition>
                <partition>
                  <camera_ids>87 88 90 91 93 94 117 118 273 278 302 304 305 306 307 308 510 513 540 541 542 543 544 545 692 693 695 696 697 698 722 724 1326 1327 1328 1329 1330 1331 1352 1353 1354 1355 1356 1357 1358 1359 1360 1361 1362 1363 1364 1365</camera_ids>
                </partition>
                <partition>
                  <camera_ids>1118 1119 1120 1121 1122 1123 1124 1125 1126 1127 1128 1129 1130 1131 1132 1133 1134 1135 1136 1137 1138 1139 1140 1141 1142 1143 1144 1145 1146 1168 1169 1170 1171 1172 1173 1174 1175 1176 1177 1178 1179 1180 1181 1182 1183 1184 1185 1186 1187 1188 1189 1190 1191 1192 1193 1194 1195 1196 1197 1198 1199 1200 1201 1202 1203 1296 1297 1298 1299 1300 1301 1303 1304 1305 1306 1307 1308 1309 1310 1311 1312 1313 1314 1315 1316 1320 1321 1322</camera_ids>
                </partition>
              </partition>
              <partition>
                <partition>
                  <camera_ids>152 156 159 160 162 163 164 165 169 170 171 174 230 232 233 234 235 237 238 239 240 241 325 329 331 332 333 335 336 340 341 574 575 576 578 579 582 587 588 589 593 594 596 652 657 663 664 747 748 749 751 755 758 759 760 763 764</camera_ids>
                </partition>
                <partition>
                  <camera_ids>198 201 204 206 209 210 212 214 219 221 223 225 227 229 346 347 350 355 356 358 359 360 363 364 365 367 368 370 372 375 379 620 621 623 624 626 628 629 632 634 636 637 638 639 641 643 645 647 649 765 766 769 770 772 773 774 775 778 782 783 787 790 792 794 795 797 798 799 801 802</camera_ids>
                </partition>
              </partition>
            </partition>
            <partition>
              <partition>
                <partition>
                  <camera_ids>4 6 10 12 13 15 17 22 24 26 28 31 33 34 36 40 42 43 47 48 49 52 176 180 182 184 185 186 188 192 193 361 362 366 424 426 428 429 430 432 435 437 439 440 441 442 444 446 448 450 451 453 456 458 459 460 462 465 466 467 471 472 474 598 599 600 602 604 608 610 611 612 615 616 779 780 781 784 785 786 788 789</camera_ids>
                </partition>
                <partition>
                  <camera_ids>330 334 337 338 339 342 343 344 345 348 349 351 352 353 354 357 380 381 750 752 753 754 756 757 761 762 767 768 771 776 777 800 803 804 805 806 807 808 809 810 811 812 813 814 815 816 817 818 819 820 821 822 823 824 825 826 827 828 829 830 831 832 833 834 835 836 837 838 839 840 841 842 843 844 845 846 847 848 849 850 851 852 853 854 855 856 857 858 859 860 902 903 904 905 906 907 908 909 910 911 912 913 914 915 916 917 918 919 922 923 924 925 926 927 928 929 930 931 932 933 934 935 936 937 938 939 940 941</camera_ids>
                </partition>
              </partition>
              <partition>
                <partition>
                  <camera_ids>226 228 231 236 242 243 247 249 253 254 255 257 260 261 277 279 280 282 283 284 285 286 287 288 290 291 292 294 299 301 303 312 313 314 315 316 318 322 324 326 327 328 648 650 651 653 654 655 656 658 659 660 661 662 665 666 667 669 671 672 673 677 679 680 699 702 710 714 716 717 718 719 721 723 725 726 727 728 729 730 731 732 738 740 741 742 744 746 861 862 863 864 874 875 876 877</camera_ids>
                </partition>
                <partition>
                  <camera_ids>147 148 149 153 154 155 157 158 161 166 167 168 172 173 175 199 200 202 203 205 207 208 211 213 215 216 217 218 220 222 224 567 571 572 573 577 580 581 583 584 585 586 590 591 592 595 617 618 619 622 625 627 630 631 633 635 640 642 644 646</camera_ids>
                </partition>
              </partition>
              <partition>
                <partition>
                  <camera_ids>56 57 58 59 64 65 67 68 73 75 78 79 80 122 123 124 128 129 131 132 133 140 141 143 144 145 475 476 481 482 483 484 487 490 491 492 493 495 497 498 502 546 547 548 551 555 556 557 558 559 560 563</camera_ids>
                </partition>
                <partition>
                  <camera_ids>85 89 92 96 99 100 106 107 113 116 119 120 121 264 265 266 267 268 270 271 272 274 275 276 503 504 505 507 508 509 511 512 514 515 516 518 519 522 523 524 525 526 529 530 531 532 533 535 536 538 539 683 684 690 694</camera_ids>
                </partition>
              </partition>
            </partition>
          </partition>
          <partition>
            <camera_ids>1234 1235 1236 1237 1238 1239</camera_ids>
          </partition>
          <partition>
            <camera_ids>868 869 870 871 872</camera_ids>
          </partition>
        </partition>
      </component>
    </components>
    <cameras next_id="1381" next_group_id="0">
      <camera id="0" sensor_id="0" label="1_DJI_0040">
        <orientation>1</orientation>
        <reference x="-83.579740939999994" y="31.437752140000001" z="48.560000000000002" yaw="359.80000000000001" pitch="0.099999999999993788" roll="-0" enabled="true" rotation_enabled="false"/>
      </camera>
      <camera id="1" sensor_id="0" label="1_DJI_0041" enabled="false">
        <orientation>1</orientation>
        <reference x="-83.580612380000005" y="31.436205609999998" z="44.939999999999998" yaw="181.69999999999999" pitch="0.099999999999993788" roll="-0" enabled="true" rotation_enabled="false"/>
      </camera>
      <camera id="2" sensor_id="0" label="1_DJI_0042">
        <orientation>1</orientation>
        <reference x="-83.579740939999994" y="31.437804870000001" z="48.560000000000002" yaw="0" pitch="0.099999999999993788" roll="-0" enabled="true" rotation_enabled="false"/>
      </camera>
      <camera id="3" sensor_id="0" label="1_DJI_0043">
        <orientation>1</orientation>
        <reference x="-83.579740369999996" y="31.437830720000001" z="48.560000000000002" yaw="0" pitch="0.099999999999993788" roll="-0" enabled="true" rotation_enabled="false"/>
      </camera>
      <camera id="4" sensor_id="0" component_id="1" label="1_DJI_0044">
        <transform>9.8775692955460137e-01 -3.1449320120305449e-02 -1.5279786772346363e-01 1.3838329455554192e+01 -3.7247935705868748e-02 -9.9868465017646313e-01 -3.5235788448207905e-02 -1.3520941355876396e+01 -1.5148874348451777e-01 4.0495799360994955e-02 -9.8762910590544850e-01 -2.8162166119139220e+00 0 0 0 1</transform>
        <orientation>1</orientation>
        <reference x="-83.580612520000003" y="31.436115430000001" z="44.640000000000001" yaw="181.69999999999999" pitch="0.099999999999993788" roll="-0" enabled="true" rotation_enabled="false"/>
      </camera>
      <camera id="5" sensor_id="0" label="1_DJI_0045">
        <orientation>1</orientation>
        <reference x="-83.579740139999998" y="31.437884969999999" z="48.560000000000002" yaw="359.89999999999998" pitch="0.099999999999993788" roll="-0" enabled="true" rotation_enabled="false"/>
      </camera>
      <camera id="6" sensor_id="0" component_id="1" label="1_DJI_0046">
        <transform>9.8809254600640384e-01 -1.2218272938889593e-02 -1.5337481648880238e-01 1.3923899333597221e+01 -1.7966288267245924e-02 -9.9918497098822145e-01 -3.6147008689018600e-02 -9.6357137825668921e+00 -1.5280815754560112e-01 3.8472166012022024e-02 -9.8750673892883456e-01 -2.9983074253256938e+00 0 0 0 1</transform>
        <orientation>1</orientation>
        <reference x="-83.580614510000004" y="31.435999880000001" z="44.640000000000001" yaw="180.70000000000002" pitch="0.099999999999993788" roll="-0" enabled="true" rotation_enabled="false"/>
      </camera>
      <camera id="7" sensor_id="0" label="1_DJI_0047">
        <orientation>1</orientation>
        <reference x="-83.579739239999995" y="31.43793801" z="48.659999999999997" yaw="0.20000000000000001" pitch="0.099999999999993788" roll="-0" enabled="true" rotation_enabled="false"/>
      </camera>
      <camera id="8" sensor_id="0" label="1_DJI_0048">
        <orientation>1</orientation>
        <reference x="-83.579739169999996" y="31.437964269999998" z="48.659999999999997" yaw="0.10000000000000001" pitch="0.099999999999993788" roll="-0" enabled="true" rotation_enabled="false"/>
      </camera>
      <camera id="9" sensor_id="0" label="1_DJI_0049">
        <orientation>1</orientation>
        <reference x="-83.579738050000003" y="31.43799164" z="48.659999999999997" yaw="0.30000000000000004" pitch="0.099999999999993788" roll="-0" enabled="true" rotation_enabled="false"/>
      </camera>
      <camera id="10" sensor_id="0" component_id="1" label="1_DJI_0050">
        <transform>9.8826537900297384e-01 1.8143330249722062e-02 -1.5166529013442145e-01 1.4450174268085895e+01 1.3089832330156679e-02 -9.9932748847509101e-01 -3.4252402362972445e-02 -4.1699081862356646e+00 -1.5218474612679525e-01 3.1865190184841519e-02 -9.8783825229680500e-01 -3.3320483454398646e+00 0 0 0 1</transform>
        <orientation>1</orientation>
        <reference x="-83.580617540000006" y="31.43583894" z="45.020000000000003" yaw="181.09999999999999" pitch="0.099999999999993788" roll="-0" enabled="true" rotation_enabled="false"/>
      </camera>
      <camera id="11" sensor_id="0" label="1_DJI_0051" enabled="false">
        <orientation>1</orientation>
        <reference x="-83.579735130000003" y="31.438046809999999" z="53.090000000000003" yaw="358.19999999999999" pitch="0.099999999999993788" roll="-0" enabled="true" rotation_enabled="false"/>
      </camera>
      <camera id="12" sensor_id="0" component_id="1" label="1_DJI_0052">
        <transform>9.8830215449500858e-01 1.5839272296562103e-02 -1.5168377920410489e-01 1.4494573332623625e+01 1.0819726716578860e-02 -9.9936799718749580e-01 -3.3860592304794435e-02 -2.3371610917894641e+00 -1.5212424177067516e-01 3.1823319288978691e-02 -9.8784892135140212e-01 -3.4242486725354744e+00 0 0 0 1</transform>
        <orientation>1</orientation>
        <reference x="-83.580618310000006" y="31.435787959999999" z="45.020000000000003" yaw="181.09999999999999" pitch="0.099999999999993788" roll="-0" enabled="true" rotation_enabled="false"/>
      </camera>
      <camera id="13" sensor_id="0" component_id="1" label="1_DJI_0053">
        <transform>9.8833917663721604e-01 1.2676152662579931e-02 -1.5173986647464785e-01 1.4509469488723738e+01 7.6379185498419450e-03 -9.9940145634816635e-01 -3.3740054081018905e-02 -1.4634639241116030e+00 -1.5207673761721408e-01 3.2187640529231787e-02 -9.8784443191874394e-01 -3.4612823905258701e+00 0 0 0 1</transform>
        <orientation>1</orientation>
        <reference x="-83.580618569999999" y="31.435762969999999" z="44.920000000000002" yaw="181.30000000000001" pitch="0.099999999999993788" roll="-0" enabled="true" rotation_enabled="false"/>
      </camera>
      <camera id="14" sensor_id="0" label="1_DJI_0054" enabled="false">
        <orientation>1</orientation>
        <reference x="-83.579656" y="31.438092529999999" z="53.090000000000003" yaw="163.79999999999998" pitch="0.099999999999993788" roll="-0" enabled="true" rotation_enabled="false"/>
      </camera>
      <camera id="15" sensor_id="0" component_id="1" label="1_DJI_0055">
        <transform>-9.2878390070488437e-01 -3.2986080137245599e-01 -1.6897431020524936e-01 1.2215150650473552e+01 -3.3043394932013492e-01 9.4348336437881430e-01 -2.5544985361731609e-02 -2.3583343711169913e-01 1.6785074002850658e-01 3.2109077507048334e-02 -9.8528936674132905e-01 -3.0379816734561680e+00 0 0 0 1</transform>
        <orientation>1</orientation>
        <reference x="-83.580540720000002" y="31.435728990000001" z="45.119999999999997" yaw="342.69999999999999" pitch="0.099999999999993788" roll="-0" enabled="true" rotation_enabled="false"/>
      </camera>
      <camera id="16" sensor_id="0" label="1_DJI_0056" enabled="false">
        <orientation>1</orientation>
        <reference x="-83.579659919999997" y="31.438040139999998" z="52.890000000000001" yaw="180.70000000000002" pitch="0.099999999999993788" roll="-0" enabled="true" rotation_enabled="false"/>
      </camera>
      <camera id="17" sensor_id="0" component_id="1" label="1_DJI_0057">
        <transform>-9.8549063864775577e-01 -2.2571805061754976e-02 -1.6822221837169005e-01 1.2229986970590083e+01 -1.9137890943961944e-02 9.9957463587205631e-01 -2.2006554738584316e-02 -2.1915758536523104e+00 1.6864739033811191e-01 -1.8467835214215300e-02 -9.8550342302533112e-01 -2.8904389620965585e+00 0 0 0 1</transform>
        <orientation>1</orientation>
        <reference x="-83.580541589999996" y="31.435783520000001" z="45.119999999999997" yaw="0.90000000000000002" pitch="0.099999999999993788" roll="-0" enabled="true" rotation_enabled="false"/>
      </camera>
      <camera id="18" sensor_id="0" label="1_DJI_0058" enabled="false">
        <orientation>1</orientation>
        <reference x="-83.579660399999995" y="31.43798658" z="52.890000000000001" yaw="180.90000000000001" pitch="0.099999999999993788" roll="-0" enabled="true" rotation_enabled="false"/>
      </camera>
      <camera id="19" sensor_id="0" label="1_DJI_0059" enabled="false">
        <orientation>1</orientation>
        <reference x="-83.579660480000001" y="31.437960159999999" z="52.789999999999999" yaw="181.30000000000001" pitch="0.099999999999993788" roll="-0" enabled="true" rotation_enabled="false"/>
      </camera>
      <camera id="20" sensor_id="0" label="1_DJI_0060" enabled="false">
        <orientation>1</orientation>
        <reference x="-83.579661060000007" y="31.437933430000001" z="53.090000000000003" yaw="181.09999999999999" pitch="0.099999999999993788" roll="-0" enabled="true" rotation_enabled="false"/>
      </camera>
      <camera id="21" sensor_id="0" label="1_DJI_0061" enabled="false">
        <orientation>1</orientation>
        <reference x="-83.579662069999998" y="31.4379077" z="53.090000000000003" yaw="181" pitch="0.099999999999993788" roll="-0" enabled="true" rotation_enabled="false"/>
      </camera>
      <camera id="22" sensor_id="0" component_id="1" label="1_DJI_0062">
        <transform>-9.8514440689192950e-01 -3.5174183409004918e-02 -1.6808710358340462e-01 1.2084475281124110e+01 -3.2210976199614945e-02 9.9927443118223636e-01 -2.0323980852333473e-02 -6.9472790098897494e+00 1.6868002425247733e-01 -1.4607806369467735e-02 -9.8556261161392267e-01 -2.8367339691520583e+00 0 0 0 1</transform>
        <orientation>1</orientation>
        <reference x="-83.580539360000003" y="31.435917209999999" z="44.920000000000002" yaw="0.20000000000000001" pitch="0.099999999999993788" roll="-0" enabled="true" rotation_enabled="false"/>
      </camera>
      <camera id="23" sensor_id="0" label="1_DJI_0063" enabled="false">
        <orientation>1</orientation>
        <reference x="-83.579663179999997" y="31.437853740000001" z="53.189999999999998" yaw="181.09999999999999" pitch="0.099999999999993788" roll="-0" enabled="true" rotation_enabled="false"/>
      </camera>
      <camera id="24" sensor_id="0" component_id="1" label="1_DJI_0064">
        <transform>-9.8500839027494602e-01 -3.8702595511158309e-02 -1.6810883435637350e-01 1.2027989087277094e+01 -3.5876523289735889e-02 9.9915972945983045e-01 -1.9816914552959697e-02 -8.8393875248433211e+00 1.6873454348354400e-01 -1.3488666593029663e-02 -9.8556923131200769e-01 -2.7763668882521375e+00 0 0 0 1</transform>
        <orientation>1</orientation>
        <reference x="-83.580538419999996" y="31.435970409999999" z="45.020000000000003" yaw="0.10000000000000001" pitch="0.099999999999993788" roll="-0" enabled="true" rotation_enabled="false"/>
      </camera>
      <camera id="25" sensor_id="0" label="1_DJI_0065" enabled="false">
        <orientation>1</orientation>
        <reference x="-83.579664249999993" y="31.437800509999999" z="53.090000000000003" yaw="180.60000000000002" pitch="0.099999999999993788" roll="-0" enabled="true" rotation_enabled="false"/>
      </camera>
      <camera id="26" sensor_id="0" component_id="1" label="1_DJI_0066">
        <transform>-9.8504929956855247e-01 -3.9473890739253698e-02 -1.6768926432365969e-01 1.1977308469805733e+01 -3.6674459447453976e-02 9.9913189432965921e-01 -1.9759599122025018e-02 -1.0781836569769846e+01 1.6832368057923938e-01 -1.3314266150694420e-02 -9.8564185629118173e-01 -2.7224803639504112e+00 0 0 0 1</transform>
        <orientation>1</orientation>
        <reference x="-83.580537469999996" y="31.436024660000001" z="45.020000000000003" yaw="0.20000000000000001" pitch="0.099999999999993788" roll="-0" enabled="true" rotation_enabled="false"/>
      </camera>
      <camera id="27" sensor_id="0" label="1_DJI_0067" enabled="false">
        <orientation>1</orientation>
        <reference x="-83.579663690000004" y="31.437746870000002" z="52.689999999999998" yaw="182.69999999999999" pitch="0.099999999999993788" roll="-0" enabled="true" rotation_enabled="false"/>
      </camera>
      <camera id="28" sensor_id="0" component_id="1" label="1_DJI_0068">
        <transform>-9.8476837629327485e-01 -4.6940882792847610e-02 -1.6741504883174366e-01 1.1961349128865317e+01 -4.4178796049412487e-02 9.9881966436182679e-01 -2.0186928041485530e-02 -1.2671282096202113e+01 1.6816503510638403e-01 -1.2483253051822907e-02 -9.8567981077067457e-01 -2.7051425084372873e+00 0 0 0 1</transform>
        <orientation>1</orientation>
        <reference x="-83.580537890000002" y="31.436077770000001" z="45.020000000000003" yaw="0" pitch="0.099999999999993788" roll="-0" enabled="true" rotation_enabled="false"/>
      </camera>
      <camera id="29" sensor_id="0" component_id="1" label="1_DJI_0069">
        <transform>9.8911160813880850e-01 -8.0265081037346198e-03 -1.4694829639271448e-01 -1.5374593352985910e+01 -1.0578858651337094e-02 -9.9980631552237065e-01 -1.6595758229645596e-02 -6.8903175025167656e+01 -1.4678662880077128e-01 1.7969602367401083e-02 -9.8900494386836191e-01 3.0909087332367489e+00 0 0 0 1</transform>
        <orientation>1</orientation>
        <reference x="-83.579665820000002" y="31.43769228" z="52.890000000000001" yaw="182.30000000000001" pitch="0.099999999999993788" roll="-0" enabled="true" rotation_enabled="false"/>
      </camera>
      <camera id="30" sensor_id="0" component_id="1" label="1_DJI_0070">
        <transform>9.8912608965315840e-01 4.1748336469045744e-03 -1.4701071230176524e-01 -1.5363204151706411e+01 1.7303955987899898e-03 -9.9985818504194113e-01 -1.6751583080604204e-02 -6.7952548496757515e+01 -1.4705979905644986e-01 1.6315041178476153e-02 -9.8899304089200790e-01 3.1312943748649809e+00 0 0 0 1</transform>
        <orientation>1</orientation>
        <reference x="-83.579665300000002" y="31.437666790000002" z="53.090000000000003" yaw="181.59999999999999" pitch="0.099999999999993788" roll="-0" enabled="true" rotation_enabled="false"/>
      </camera>
      <camera id="31" sensor_id="0" component_id="1" label="1_DJI_0071">
        <transform>-9.8421323222486601e-01 -5.3225371494729827e-02 -1.6879387827385953e-01 1.1866273241626084e+01 -5.0521875567256298e-02 9.9851715059357593e-01 -2.0274122907100563e-02 -1.5558748328951618e+01 1.6962268009511339e-01 -1.1426276722255099e-02 -9.8544283781334441e-01 -2.6565448963347809e+00 0 0 0 1</transform>
        <orientation>1</orientation>
        <reference x="-83.580536510000002" y="31.436158509999999" z="44.920000000000002" yaw="0" pitch="0.099999999999993788" roll="-0" enabled="true" rotation_enabled="false"/>
      </camera>
      <camera id="32" sensor_id="0" component_id="1" label="1_DJI_0072">
        <transform>9.8899092164835944e-01 1.4328722409132688e-02 -1.4728083585874527e-01 -1.5303148195996293e+01 1.1849546054313610e-02 -9.9977318251197267e-01 -1.7696660368214268e-02 -6.6050298339099953e+01 -1.4750100052350615e-01 1.5756625400232205e-02 -9.8893639006791578e-01 3.1118802709292970e+00 0 0 0 1</transform>
        <orientation>1</orientation>
        <reference x="-83.579666590000002" y="31.437612619999999" z="52.990000000000002" yaw="181" pitch="0.099999999999993788" roll="-0" enabled="true" rotation_enabled="false"/>
      </camera>
      <camera id="33" sensor_id="0" component_id="1" label="1_DJI_0073">
        <transform>-9.8449142182396088e-01 -4.6449736964673832e-02 -1.6917169470969082e-01 1.1794652027642151e+01 -4.3732369854605421e-02 9.9884793529097915e-01 -1.9755555974165728e-02 -1.7474701137168214e+01 1.6989443834904136e-01 -1.2050896267954303e-02 -9.8538858107713179e-01 -2.6031342977636234e+00 0 0 0 1</transform>
        <orientation>1</orientation>
        <reference x="-83.580534869999994" y="31.43621241" z="44.920000000000002" yaw="0.69999999999999996" pitch="0.099999999999993788" roll="-0" enabled="true" rotation_enabled="false"/>
      </camera>
      <camera id="34" sensor_id="0" component_id="1" label="1_DJI_0074">
        <transform>-9.8373839347826397e-01 -6.0546268066270122e-02 -1.6909441924572935e-01 1.1782559592981791e+01 -5.8074873237917941e-02 9.9812122324215524e-01 -1.9527744672230396e-02 -1.8396288198370080e+01 1.6995906064462371e-01 -9.3900552091785716e-03 -9.8540638549177550e-01 -2.5699499680838778e+00 0 0 0 1</transform>
        <orientation>1</orientation>
        <reference x="-83.580534709999995" y="31.436238790000001" z="45.020000000000003" yaw="0" pitch="0.099999999999993788" roll="-0" enabled="true" rotation_enabled="false"/>
      </camera>
      <camera id="35" sensor_id="0" component_id="1" label="1_DJI_0075">
        <transform>9.8906318100496704e-01 1.3077219335899656e-02 -1.4691157311381953e-01 -1.5168796299105246e+01 1.0486034590994561e-02 -9.9977574607070485e-01 -1.8398387084781198e-02 -6.3227340385048436e+01 -1.4711922735962432e-01 1.6656647417945092e-02 -9.8897850787461561e-01 2.9850693568624096e+00 0 0 0 1</transform>
        <orientation>1</orientation>
        <reference x="-83.579669989999999" y="31.437532969999999" z="53.090000000000003" yaw="181" pitch="0.099999999999993788" roll="-0" enabled="true" rotation_enabled="false"/>
      </camera>
      <camera id="36" sensor_id="0" component_id="1" label="1_DJI_0076">
        <transform>-9.8285505183438060e-01 -7.2818792005999000e-02 -1.6939117631808548e-01 1.1767761060854497e+01 -7.0654815533450821e-02 9.9732409865557037e-01 -1.8776029473457655e-02 -2.0281664832839144e+01 1.7030515002656765e-01 -6.4858131056303933e-03 -9.8537002699634979e-01 -2.5931213118161134e+00 0 0 0 1</transform>
        <orientation>1</orientation>
        <reference x="-83.58053511" y="31.43629176" z="45.020000000000003" yaw="359.80000000000001" pitch="0.099999999999993788" roll="-0" enabled="true" rotation_enabled="false"/>
      </camera>
      <camera id="37" sensor_id="0" component_id="1" label="1_DJI_0077">
        <transform>9.8903449457685610e-01 1.7086386165526816e-02 -1.4669295806174323e-01 -1.5180869736439254e+01 1.4425984425656121e-02 -9.9971195507074284e-01 -1.9180663752420335e-02 -6.1348713909759965e+01 -1.4697843212680087e-01 1.6854147751671100e-02 -9.8899609614654793e-01 2.8796349008406859e+00 0 0 0 1</transform>
        <orientation>1</orientation>
        <reference x="-83.579669249999995" y="31.437480140000002" z="52.990000000000002" yaw="180.80000000000001" pitch="0.099999999999993788" roll="-0" enabled="true" rotation_enabled="false"/>
      </camera>
      <camera id="38" sensor_id="0" component_id="1" label="1_DJI_0078">
        <transform>9.8914374716504572e-01 3.9620885850753448e-04 -1.4695063954550158e-01 -1.5168238889456498e+01 -2.5233077013038382e-03 -9.9980313834077084e-01 -1.9680383181979316e-02 -6.0421995744196273e+01 -1.4692950814093148e-01 1.9837529646743318e-02 -9.8894802292889894e-01 2.8799879289347845e+00 0 0 0 1</transform>
        <orientation>1</orientation>
        <reference x="-83.579669159999995" y="31.437453860000002" z="52.890000000000001" yaw="181.79999999999998" pitch="0.099999999999993788" roll="-0" enabled="true" rotation_enabled="false"/>
      </camera>
      <camera id="39" sensor_id="0" component_id="1" label="1_DJI_0079">
        <transform>9.8891096065732387e-01 -2.1166982822389727e-02 -1.4699343771068679e-01 -1.5125178550225085e+01 -2.4362101766015325e-02 -9.9950371870773247e-01 -1.9970084800915000e-02 -5.9458167163698661e+01 -1.4649778117552228e-01 2.3329704833325471e-02 -9.8893585483743007e-01 2.8772515286768443e+00 0 0 0 1</transform>
        <orientation>1</orientation>
        <reference x="-83.579669989999999" y="31.437426869999999" z="53.289999999999999" yaw="183" pitch="0.099999999999993788" roll="-0" enabled="true" rotation_enabled="false"/>
      </camera>
      <camera id="40" sensor_id="0" component_id="1" label="1_DJI_0080">
        <transform>-9.8172124611997469e-01 -8.5891045158666857e-02 -1.6984146513203435e-01 1.1663398611089168e+01 -8.4021185742677681e-02 9.9629811356938391e-01 -1.8179913214377497e-02 -2.4070855992488454e+01 1.7077422306378282e-01 -3.5773257665044919e-03 -9.8530369301922427e-01 -2.4149140386561472e+00 0 0 0 1</transform>
        <orientation>1</orientation>
        <reference x="-83.580532390000002" y="31.436398260000001" z="45.020000000000003" yaw="359.80000000000001" pitch="0.099999999999993788" roll="-0" enabled="true" rotation_enabled="false"/>
      </camera>
      <camera id="41" sensor_id="0" component_id="1" label="1_DJI_0081">
        <transform>9.8848707054521268e-01 3.7235598792809146e-02 -1.4665204242520821e-01 -1.5039796715335239e+01 3.4689164053678181e-02 -9.9920032407116299e-01 -1.9884020552684831e-02 -5.7560491853695666e+01 -1.4727516172865376e-01 1.4567860468289451e-02 -9.8898827302409154e-01 2.7590688449393919e+00 0 0 0 1</transform>
        <orientation>1</orientation>
        <reference x="-83.579672020000004" y="31.437373149999999" z="52.990000000000002" yaw="179.59999999999997" pitch="0.099999999999993788" roll="-0" enabled="true" rotation_enabled="false"/>
      </camera>
      <camera id="42" sensor_id="0" component_id="1" label="1_DJI_0082">
        <transform>-9.8138339374621131e-01 -8.9683510096552566e-02 -1.6983374957861164e-01 1.1625503944843722e+01 -8.7917006410487566e-02 9.9596680513086799e-01 -1.7908742592095073e-02 -2.5993731206279783e+01 1.7075489586828044e-01 -2.6440677323377737e-03 -9.8530998900997613e-01 -2.4348020713534733e+00 0 0 0 1</transform>
        <orientation>1</orientation>
        <reference x="-83.580532000000005" y="31.436452289999998" z="45.020000000000003" yaw="0.10000000000000001" pitch="0.099999999999993788" roll="-0" enabled="true" rotation_enabled="false"/>
      </camera>
      <camera id="43" sensor_id="0" component_id="1" label="1_DJI_0083">
        <transform>-9.8099597238404113e-01 -9.3448667245437142e-02 -1.7004190294260338e-01 1.1586065780550438e+01 -9.1764245371843092e-02 9.9562244535645839e-01 -1.7755832105597780e-02 -2.6960690842598716e+01 1.7095679406688219e-01 -1.8146328767981723e-03 -9.8527685534061749e-01 -2.4368833225684292e+00 0 0 0 1</transform>
        <orientation>1</orientation>
        <reference x="-83.580531190000002" y="31.43647936" z="44.920000000000002" yaw="0" pitch="0.099999999999993788" roll="-0" enabled="true" rotation_enabled="false"/>
      </camera>
      <camera id="44" sensor_id="0" component_id="1" label="1_DJI_0084">
        <transform>9.8909815724387817e-01 7.8375151055934955e-03 -1.4704900099536294e-01 -1.4921264193319137e+01 4.7899055528122089e-03 -9.9976657506964162e-01 -2.1067799560329670e-02 -5.4731011693170053e+01 -1.4717979528984196e-01 2.0133770895902237e-02 -9.8890481803253039e-01 2.7060605660714194e+00 0 0 0 1</transform>
        <orientation>1</orientation>
        <reference x="-83.579674569999995" y="31.43729325" z="53.390000000000001" yaw="181.59999999999999" pitch="0.099999999999993788" roll="-0" enabled="true" rotation_enabled="false"/>
      </camera>
      <camera id="45" sensor_id="0" component_id="1" label="1_DJI_0085">
        <transform>9.8855531682543774e-01 3.6550237040703704e-02 -1.4636415458856733e-01 -1.4957526987812917e+01 3.3769574866706939e-02 -9.9919967359897344e-01 -2.1438938710362843e-02 -5.3811110099857331e+01 -1.4703061378325105e-01 1.6250921573043198e-02 -9.8899843587264935e-01 2.6076678940047313e+00 0 0 0 1</transform>
        <orientation>1</orientation>
        <reference x="-83.579673" y="31.437267070000001" z="52.990000000000002" yaw="179.90000000000001" pitch="0.099999999999993788" roll="-0" enabled="true" rotation_enabled="false"/>
      </camera>
      <camera id="46" sensor_id="0" component_id="1" label="1_DJI_0086">
        <transform>9.8896285639374693e-01 2.2527919612165149e-02 -1.4644098303230868e-01 -1.5025459213841616e+01 1.9468187822529022e-02 -9.9956189068722590e-01 -2.2293863475957919e-02 -5.2803867534005803e+01 -1.4687906023810143e-01 1.9196862340646909e-02 -9.8896816032663382e-01 2.6595023252770766e+00 0 0 0 1</transform>
        <orientation>1</orientation>
        <reference x="-83.579670010000001" y="31.43723855" z="52.590000000000003" yaw="181" pitch="0.099999999999993788" roll="-0" enabled="true" rotation_enabled="false"/>
      </camera>
      <camera id="47" sensor_id="0" component_id="1" label="1_DJI_0087">
        <transform>-9.7982240500536788e-01 -1.0475302671616184e-01 -1.7022002832598637e-01 1.1506894034505994e+01 -1.0336814788031268e-01 9.9449782713628965e-01 -1.7002876962230476e-02 -3.0719255052834519e+01 1.7106455112994723e-01 9.3552926304876077e-04 -9.8525937911379846e-01 -2.3127694469285593e+00 0 0 0 1</transform>
        <orientation>1</orientation>
        <reference x="-83.580529799999994" y="31.436585180000002" z="45.020000000000003" yaw="0.20000000000000001" pitch="0.099999999999993788" roll="-0" enabled="true" rotation_enabled="false"/>
      </camera>
      <camera id="48" sensor_id="0" component_id="1" label="1_DJI_0088">
        <transform>-9.7883823688275351e-01 -1.1353694443303439e-01 -1.7025001693119551e-01 1.1478784969014150e+01 -1.1224387785257667e-01 9.9353124704020590e-01 -1.7232905714033908e-02 -3.1679862822946440e+01 1.7110528308874087e-01 2.2412950593327374e-03 -9.8525020106345518e-01 -2.3077357861526115e+00 0 0 0 1</transform>
        <orientation>1</orientation>
        <reference x="-83.580529580000004" y="31.436612610000001" z="45.020000000000003" yaw="0" pitch="0.099999999999993788" roll="-0" enabled="true" rotation_enabled="false"/>
      </camera>
      <camera id="49" sensor_id="0" component_id="1" label="1_DJI_0089">
        <transform>-9.7859619236279993e-01 -1.1546341213550178e-01 -1.7034580344422046e-01 1.1423514011762116e+01 -1.1421573210223020e-01 9.9330810921084445e-01 -1.7139624159463518e-02 -3.2607246189931089e+01 1.7118486741935265e-01 2.6833997099439122e-03 -9.8523527166490266e-01 -2.2749948912412443e+00 0 0 0 1</transform>
        <orientation>1</orientation>
        <reference x="-83.58052807" y="31.436638540000001" z="44.920000000000002" yaw="0" pitch="0.099999999999993788" roll="-0" enabled="true" rotation_enabled="false"/>
      </camera>
      <camera id="50" sensor_id="0" component_id="1" label="1_DJI_0090">
        <transform>9.8892186225963963e-01 2.6783670300942440e-02 -1.4600063475936215e-01 -1.4863064724700664e+01 2.3407551369196273e-02 -9.9941851708101315e-01 -2.4793431680328971e-02 -4.9068833016993601e+01 -1.4657979698384321e-01 2.1101249271053051e-02 -9.8897376122694791e-01 2.4661328646708167e+00 0 0 0 1</transform>
        <orientation>1</orientation>
        <reference x="-83.57967447" y="31.4371331" z="52.990000000000002" yaw="180.90000000000001" pitch="0.099999999999993788" roll="-0" enabled="true" rotation_enabled="false"/>
      </camera>
      <camera id="51" sensor_id="0" component_id="1" label="1_DJI_0091">
        <transform>9.8911488801326075e-01 2.0129367074284588e-02 -1.4576195282618451e-01 -1.4854491137695875e+01 1.6528069776692727e-02 -9.9952852011637039e-01 -2.5875864882845545e-02 -4.8152960225774443e+01 -1.4621409378021977e-01 2.3185039468743951e-02 -9.8898123982452857e-01 2.4021814843816607e+00 0 0 0 1</transform>
        <orientation>1</orientation>
        <reference x="-83.579674429999997" y="31.437106870000001" z="53.090000000000003" yaw="181.30000000000001" pitch="0.099999999999993788" roll="-0" enabled="true" rotation_enabled="false"/>
      </camera>
      <camera id="52" sensor_id="0" component_id="1" label="1_DJI_0092">
        <transform>-9.7800820263319554e-01 -1.2045897218116912e-01 -1.7026330081154750e-01 1.1343850536507629e+01 -1.1941515153854076e-01 9.9270901016088076e-01 -1.6396424257489162e-02 -3.5470872496582203e+01 1.7099700922885913e-01 4.2961804501849277e-03 -9.8526218118241227e-01 -2.1889931064580659e+00 0 0 0 1</transform>
        <orientation>1</orientation>
