<?xml version="1.0" encoding="UTF-8"?>
<document version="1.5.0">
  <chunk label="Chunk 1" enabled="true">
    <sensors next_id="1">
      <sensor id="0" label="FC6310S (8.8mm)" type="frame">
        <resolution width="5472" height="3648"/>
        <property name="pixel_width" value="0.0024122807017543861"/>
        <property name="pixel_height" value="0.0024122807017543861"/>
        <property name="focal_length" value="8.8000000000000007"/>
        <property name="layer_index" value="0"/>
        <bands>
          <band label="Red"/>
          <band label="Green"/>
          <band label="Blue"/>
        </bands>
        <data_type>uint8</data_type>
        <calibration type="frame" class="adjusted">
          <resolution width="5472" height="3648"/>
          <f>4042.8932980379386</f>
          <cx>17.365647744849603</cx>
          <cy>5.1409324283104576</cy>
          <k1>-0.013816164041355859</k1>
          <k2>0.0050489893135968996</k2>
          <k3>0.0088715193877661816</k3>
          <p1>0.0009581682702370605</p1>
          <p2>-0.00095019106258626914</p2>
        </calibration>
        <covariance>
          <params>f cx cy k1 k2 k3 p1 p2</params>
          <coeffs>1.7008799433134087e+01 4.4233059208602687e-01 2.7199714417696441e-01 -1.2223579150237265e-04 8.9746460279148540e-05 2.1921560310519879e-04 3.5795839215240360e-06 -4.7157277225428465e-06 4.4233059208602687e-01 1.4904875993742118e-02 7.2293296301011792e-03 -3.1906752581551926e-06 2.3842646114707490e-06 5.6485404051392659e-06 9.3636699170906552e-08 -1.2435710920278721e-07 2.7199714417696441e-01 7.2293296301011792e-03 5.4002890733069317e-03 -1.9526577296335280e-06 1.4278589049119522e-06 3.5137519918749721e-06 5.5814405741956035e-08 -6.7621732502881663e-08 -1.2223579150237265e-04 -3.1906752581551926e-06 -1.9526577296335280e-06 9.7565951965275046e-10 -9.6671573442930460e-10 -1.2632250456205177e-09 -2.5729013304146137e-11 3.3927694079751907e-11 8.9746460279148540e-05 2.3842646114707490e-06 1.4278589049119522e-06 -9.6671573442930460e-10 1.6649291744374625e-09 -6.3456817697696562e-11 1.8240016466359155e-11 -2.5035744693206140e-11 2.1921560310519879e-04 5.6485404051392659e-06 3.5137519918749721e-06 -1.2632250456205177e-09 -6.3456817697696562e-11 4.1233857534129882e-09 4.6937968234168064e-11 -6.0543345206426066e-11 3.5795839215240360e-06 9.3636699170906552e-08 5.5814405741956035e-08 -2.5729013304146137e-11 1.8240016466359155e-11 4.6937968234168064e-11 1.2700810638304796e-12 -1.0945527818716236e-12 -4.7157277225428465e-06 -1.2435710920278721e-07 -6.7621732502881663e-08 3.3927694079751907e-11 -2.5035744693206140e-11 -6.0543345206426066e-11 -1.0945527818716236e-12 2.5424764569101124e-12</coeffs>
        </covariance>
        <meta>
          <property name="Exif/BodySerialNumber" value="91729d101b4029bd904de8ef6494c684"/>
          <property name="Exif/Make" value="DJI"/>
          <property name="Exif/Model" value="FC6310S"/>
          <property name="Exif/Software" value="v01.08.1719"/>
        </meta>
      </sensor>
    </sensors>
    <components next_id="1" active_id="0">
      <component id="0" label="Component 1">
        <transform>
          <rotation locked="true">-9.7285795958150412e-01 9.5452776175980678e-02 -2.1079885673127066e-01 1.3876627967611530e-01 -4.8834192127224352e-01 -8.6154865652090939e-01 -1.8517912977374831e-01 -8.6741624117169525e-01 4.6184169847232864e-01</rotation>
          <translation locked="true">6.0899859169196698e+05 -5.4128535229072534e+06 3.3072980290350397e+06</translation>
          <scale locked="true">2.8570640850542341e+00</scale>
        </transform>
        <region>
          <center>-1.9597397564555614e+01 -2.6539164562596820e+01 -1.1034203525298976e+01</center>
          <size>1.3592384153036048e+02 6.9885906502807799e+01 2.2431842963406226e+01</size>
          <R>-8.5756183914967796e-02 -9.9461207163026921e-01 -5.8246921701380516e-02 9.4784494738501446e-01 -9.9457594795745757e-02 3.0281701166569969e-01 -3.0697855403438423e-01 -2.9240619090399184e-02 9.5126713049393707e-01</R>
        </region>
        <partition>
          <partition>
            <partition>
              <partition>
                <camera_ids>0 3 4 6 7 9 10 13 14 16 17 20 24 26 27 29 30 32 35 36 37 151 152 154 155 157 161 163 168 170 176 179 180 181 183 185 186 188 189 190 191 192 194 195 198 199 200 202 348 349 350 351 352 353 354 355 356 357 358 359 1000 1001 1004 1007 1010 1011 1014 1017 1018 1020 1021 1022 1024 1027 1030 1032 1033 1037 1038 1152 1155 1157 1158 1159 1161 1163 1164 1165 1166 1168 1170 1171 1172 1173 1174 1176 1177 1181 1183 1186 1192 1195 1196 1200</camera_ids>
              </partition>
              <partition>
                <camera_ids>46 47 50 52 53 54 55 56 57 59 60 61 62 65 68 72 73 75 77 78 79 82 83 112 113 117 119 120 121 123 125 130 131 136 137 143 144 146 149 150 1039 1040 1041 1042 1043 1044 1047 1048 1050 1057 1062 1063 1065 1066 1068 1069 1070 1073 1075 1079 1080 1110 1113 1114 1115 1117 1121 1123 1125 1126 1127 1128 1131 1132 1133 1134 1137 1138 1139 1140 1141 1144 1146 1147</camera_ids>
              </partition>
            </partition>
            <partition>
              <partition>
                <camera_ids>203 206 207 208 209 210 211 213 215 319 320 321 322 323 324 325 326 327 328 329 330 331 332 333 334 335 336 337 338 339 340 341 342 343 344 345 346 347 372 373 374 375 376 377 378 379 380 381 382 383 384 385 386 387 388 389 390 391 392 393 394 395 1203 1204 1211 1213 1215</camera_ids>
              </partition>
              <partition>
                <camera_ids>84 85 86 87 88 91 92 96 101 103 105 106 218 219 220 223 227 228 230 233 234 237 238 239 242 243 245 246 251 253 254 255 256 259 260 261 262 265 271 274 275 278 281 282 283 284 285 286 289 291 292 294 295 296 299 301 303 306 307 309 310 311 312 313 314 315 316 317 318 433 434 435 436 437 438 439 440 441 442 443 444 445 446 447 448 449 450 451 1088 1089 1092 1093 1094 1096 1097 1098 1099 1101 1103 1106 1107 1108 1109 1216 1220 1221 1223 1224 1225 1228 1230 1231 1234 1235 1239 1240 1243 1246 1247 1248 1249 1251 1256 1257 1262 1263 1265 1266 1267 1268 1269 1271 1272 1275 1276 1278 1279 1286 1287 1289 1292 1296 1297 1299 1301 1303 1304 1307</camera_ids>
              </partition>
            </partition>
          </partition>
          <partition>
            <partition>
              <partition>
                <camera_ids>58 63 64 66 67 69 70 71 74 76 80 81 89 90 93 94 95 97 98 99 100 102 104 107 108 109 110 111 114 115 116 702 703 704 705 706 707 708 709 710 711 712 713 735 736 737 738 739 740 741 742 743 744 745 746 747 748 749 750 751 752 753 754 755 756 757 758 759 760 761 762 763 764 765 766 767 768 769 770 771 772 773 774 775 864 865 866 867 868 869 870 871 872 873 874 875 876 877 878 879 880 881 882 883 884 885 886 887 888 889 890 891 892 893 894 895 896 897 898 899 900 901 902 903 904 912 913 914 915 916 917 918 919 920 921 922 923 924 925 926 927 928 929 930 931 932 933 934 935 936 937 938 939 940 941 942 943 944 945 946 947 948 949 950 951 952 953 1054 1055 1056 1058 1059 1060 1061 1064 1067 1071 1072 1074 1076 1077 1078 1081 1082 1083 1084 1085 1086 1087 1090 1091 1095 1100 1102 1104 1105 1111 1112 1116</camera_ids>
              </partition>
              <partition>
                <camera_ids>5 8 11 12 15 18 19 21 22 23 25 28 31 33 34 38 39 40 41 42 43 44 45 48 49 51 156 158 159 160 162 164 165 166 167 169 171 172 173 174 175 177 178 182 184 187 954 955 956 957 958 959 960 961 962 963 964 965 966 967 968 969 970 971 972 973 974 975 976 977 978 979 980 981 982 1005 1006 1008 1009 1012 1013 1015 1016 1019 1023 1025 1026 1028 1029 1031 1034 1035 1036 1045 1046 1049 1051 1052 1053 1154 1156 1160 1162 1167 1169 1175 1178 1179 1180 1182 1184 1185 1187 1188</camera_ids>
              </partition>
            </partition>
            <partition>
              <partition>
                <camera_ids>360 361 362 363 364 365 366 367 368 369 370 371 530 531 532 533 534 535 536 537 538 539 540 541 542 543 544 545 546 547 548 549 550 551 552 553 554 555 556 557 714 715 716 717 718 719 720 721 722 723 724 725 726 727 728 729 730 731 732 733 734 905 906 907 908 909 910 911</camera_ids>
              </partition>
              <partition>
                <camera_ids>508 509 510 511 512 513 514 515 516 517 518 519 520 521 522 523 524 525 526 527 528 529 558 559 560 561 562 563 564 565 566 567 568 569 570 571 572 573 574 575 576 577 578 579 691 692 693 694 695 696 697 698 699 700 701</camera_ids>
              </partition>
            </partition>
            <partition>
              <partition>
                <camera_ids>118 122 124 126 127 128 129 132 133 134 135 138 139 140 141 142 145 147 148 153 235 236 240 241 244 247 248 249 250 252 257 258 263 264 266 267 268 1118 1119 1120 1122 1124 1129 1130 1135 1136 1142 1143 1145 1148 1149 1150 1151 1153 1236 1237 1238 1241 1242 1244 1245 1250 1252 1253 1254 1255 1258 1259 1260 1261 1264</camera_ids>
              </partition>
              <partition>
                <camera_ids>193 196 197 201 204 205 212 214 216 217 221 222 224 225 226 229 231 232 269 270 272 273 276 277 279 280 287 288 290 293 297 298 300 302 304 305 308 1189 1190 1191 1193 1194 1197 1198 1199 1201 1202 1205 1206 1207 1208 1209 1210 1212 1214 1217 1218 1219 1222 1226 1227 1229 1232 1233 1270 1273 1274 1277 1280 1281 1282 1283 1284 1285 1288 1290 1291 1293 1294 1295 1298 1300 1302 1305 1306</camera_ids>
              </partition>
            </partition>
          </partition>
          <partition>
            <partition>
              <partition>
                <camera_ids>396 397 398 399 400 401 402 403 404 405 406 407 408 409 410 411 412 413 414 415 416 417 418 419 420 421 422 423 424 425 426 427 428 429 430 431 432 480 481 482 483 484 485 486 487 488 489 490 491 492 493 494 495 496 497 498 499 500 501 502 503 504 505 506 507</camera_ids>
              </partition>
              <partition>
                <camera_ids>452 453 454 455 456 457 458 459 460 461 462 463 464 465 466 467 468 469 470 471 472 473 474 475 476 477 478 479 613 614 615 616 617 618 619 620 621 622 623 624 625 626 627 628 629 630 631 632 633 634 635</camera_ids>
              </partition>
            </partition>
            <partition>
              <partition>
                <camera_ids>580 581 582 583 584 585 586 587 588 589 590 591 592 593 594 595 596 597 598 599 600 601 602 603 604 605 606 607 608 609 610 611 612 657 658 659 660 661 662 663 664 665 666 667 668 669 670 671 672 673 674 675 676 677 678 679 680 681 682 683 684 685 686 687 688 689 690</camera_ids>
              </partition>
              <partition>
                <camera_ids>1 2 636 637 638 639 640 641 642 643 644 645 646 647 648 649 650 651 652 653 654 655 656 776 777 778 779 780 781 782 783 784 785 786 787 788 789 790 791 792 793 794 795 796 797 798 799 800 801 802 803 804 805 806 807 808 809 810 811 812 813 814 815 816 817 818 819 820 821 822 823 824 825 826 827 828 829 830 831 832 833 834 835 836 837 838 839 840 841 842 843 844 845 846 847 848 849 850 851 852 853 854 855 856 857 858 859 860 861 862 863 983 984 985 986 987 988 989 990 991 992 993 994 995 996 997 998 999 1002 1003</camera_ids>
              </partition>
            </partition>
          </partition>
        </partition>
      </component>
    </components>
    <cameras next_id="1308" next_group_id="0">
      <camera id="0" sensor_id="0" component_id="0" label="1_DJI_0691">
        <transform>9.4657089506832492e-01 -2.8146957196091005e-03 3.2248351600904657e-01 -1.8531693383665142e+00 -8.1027348484909462e-03 -9.9985381046256272e-01 1.5056672655966996e-02 -1.0050761615454631e-01 3.2239399234093369e-01 -1.6865206535940036e-02 -9.4645532304011804e-01 5.7254685507951486e-01 0 0 0 1</transform>
        <rotation_covariance>1.1128411396089309e-09 1.5060897813908481e-10 3.1260862136322206e-11 1.5060897813908479e-10 2.7443860466040065e-09 6.7018955890615274e-11 3.1260862136322257e-11 6.7018955890615287e-11 2.1047189589769405e-10</rotation_covariance>
        <location_covariance>3.4648980424447524e-06 3.9149943008902568e-07 -9.7631941985199760e-06 3.9149943008902568e-07 1.1753355800454563e-07 -1.1396808275383164e-06 -9.7631941985199760e-06 -1.1396808275383164e-06 2.8466495538758022e-05</location_covariance>
        <orientation>1</orientation>
        <reference x="-83.580616230000004" y="31.436172800000001" z="115.45" yaw="181.40000000000001" pitch="0.099999999999993788" roll="-0" enabled="true" rotation_enabled="false"/>
      </camera>
      <camera id="1" sensor_id="0" component_id="0" label="1_DJI_0692">
        <transform>-9.5520011364273905e-01 -4.3176750715812812e-02 2.9279431533846861e-01 -3.0490553042402922e+01 -3.4634881558469173e-02 9.9881133830501312e-01 3.4297747051071220e-02 -7.0456899373209197e+01 -2.9392714722585400e-01 2.2620315448132224e-02 -9.5556012550372682e-01 -1.1362210242456539e+01 0 0 0 1</transform>
        <rotation_covariance>5.5574123270665867e-09 -6.0950738490601360e-10 2.3912914118354106e-10 -6.0950738490601360e-10 5.3614172723443419e-09 -2.2955725517144668e-10 2.3912914118354106e-10 -2.2955725517144663e-10 5.7171331171427986e-10</rotation_covariance>
        <location_covariance>2.0097326996077988e-06 1.8528367114449788e-08 -5.7243362142485108e-06 1.8528367114449788e-08 1.6635410631790700e-07 -9.9128704404539559e-08 -5.7243362142485108e-06 -9.9128704404539559e-08 1.8122190824013123e-05</location_covariance>
        <orientation>1</orientation>
        <reference x="-83.579754170000001" y="31.438017729999999" z="118.17" yaw="359.80000000000001" pitch="0.099999999999993788" roll="-0" enabled="true" rotation_enabled="false"/>
      </camera>
      <camera id="2" sensor_id="0" component_id="0" label="1_DJI_0693">
        <transform>-9.5551588193637915e-01 -3.7221636938173042e-02 2.9258152558045480e-01 -3.0495741918373611e+01 -2.8558977826756215e-02 9.9901964427658962e-01 3.3825066666112028e-02 -7.1436191748895141e+01 -2.9355371595814350e-01 2.3964559105455821e-02 -9.5564214837670602e-01 -1.1451075736748532e+01 0 0 0 1</transform>
        <rotation_covariance>6.7060430238197281e-09 -6.6254757087874631e-10 2.3676144405190713e-10 -6.6254757087874631e-10 5.9526734738106881e-09 -3.1575950626868911e-10 2.3676144405190734e-10 -3.1575950626868911e-10 7.9343480305772907e-10</rotation_covariance>
        <location_covariance>1.9938705451288310e-06 6.1020693514399564e-09 -5.6194131798836616e-06 6.1020693514399564e-09 1.8700244051939126e-07 -6.0850166781928101e-08 -5.6194131798836616e-06 -6.0850166781928101e-08 1.7831573110482146e-05</location_covariance>
        <orientation>1</orientation>
        <reference x="-83.579754289999997" y="31.438043499999999" z="118.17" yaw="0.10000000000000001" pitch="0.099999999999993788" roll="-0" enabled="true" rotation_enabled="false"/>
      </camera>
      <camera id="3" sensor_id="0" component_id="0" label="1_DJI_0694">
        <transform>9.4475778343821448e-01 -4.9597869791078095e-02 3.2399503382783423e-01 -1.6369673468985175e+00 -5.6786294756323380e-02 -9.9830476034294902e-01 1.2764098262530221e-02 2.7764406221980744e+00 3.2281271251417615e-01 -3.0457458672627558e-02 -9.4597267183066436e-01 2.6867844573209732e-01 0 0 0 1</transform>
        <rotation_covariance>8.8569785488231051e-10 3.4356289063127436e-10 3.6021236631134786e-11 3.4356289063127436e-10 2.5792816633765171e-09 4.4895865535246000e-11 3.6021236631134747e-11 4.4895865535246007e-11 1.8369414001952322e-10</rotation_covariance>
        <location_covariance>3.0759602235355667e-06 3.3165492529922382e-07 -8.5720368091597532e-06 3.3165492529922382e-07 9.6574546596363033e-08 -9.4508783588739627e-07 -8.5720368091597532e-06 -9.4508783588739627e-07 2.4666919643442623e-05</location_covariance>
        <orientation>1</orientation>
        <reference x="-83.580614310000001" y="31.436096599999999" z="114.95" yaw="180.80000000000001" pitch="0.099999999999993788" roll="-0" enabled="true" rotation_enabled="false"/>
      </camera>
      <camera id="4" sensor_id="0" component_id="0" label="1_DJI_0695">
        <transform>9.4584504239517986e-01 -3.2715275140884972e-02 3.2296573587443717e-01 -1.6061965465924428e+00 -3.9052732834168068e-02 -9.9915048343141866e-01 1.3160376778255801e-02 3.8076052022972107e+00 3.2226082578346937e-01 -2.5060371729460781e-02 -9.4631915226002783e-01 3.2634707926095630e-01 0 0 0 1</transform>
        <rotation_covariance>8.4754054503632491e-10 3.7163626330044858e-10 4.2634566675637891e-11 3.7163626330044858e-10 2.4275548948992320e-09 4.2279846958707076e-11 4.2634566675637924e-11 4.2279846958707070e-11 1.8406687578772100e-10</rotation_covariance>
        <location_covariance>3.0715450907534519e-06 3.4527027482490290e-07 -8.6424663098908181e-06 3.4527027482490290e-07 9.9367143020890421e-08 -9.8956846286195890e-07 -8.6424663098908181e-06 -9.8956846286195890e-07 2.5095679204105501e-05</location_covariance>
        <orientation>1</orientation>
        <reference x="-83.580614600000004" y="31.436069620000001" z="114.95" yaw="180.09999999999999" pitch="0.099999999999993788" roll="-0" enabled="true" rotation_enabled="false"/>
      </camera>
      <camera id="5" sensor_id="0" component_id="0" label="1_DJI_0696">
        <transform>8.9419500949003772e-01 3.1619293673944715e-01 3.1691846231987686e-01 -3.3069707531920926e+01 3.2614882259191935e-01 -9.4504716999006866e-01 2.2644911474024441e-02 -7.3168263490063325e+01 3.0666305699418051e-01 8.3113616512853025e-02 -9.4818241716725493e-01 -1.2357086053791265e+01 0 0 0 1</transform>
        <rotation_covariance>1.3790901034181382e-08 2.7265129488406204e-09 -9.8326223081851505e-10 2.7265129488406200e-09 6.9962410573251725e-09 1.5225138645211994e-10 -9.8326223081851464e-10 1.5225138645212023e-10 2.3391925808103545e-09</rotation_covariance>
        <location_covariance>1.9709188120243629e-06 -1.0274350060316631e-08 -5.5365876538181547e-06 -1.0274350060316631e-08 3.8696539894300163e-07 5.5554707514394711e-08 -5.5365876538181547e-06 5.5554707514394711e-08 1.8064684687814846e-05</location_covariance>
        <orientation>1</orientation>
        <reference x="-83.579673439999993" y="31.438091379999999" z="118.17" yaw="163" pitch="0.099999999999993788" roll="-0" enabled="true" rotation_enabled="false"/>
      </camera>
      <camera id="6" sensor_id="0" component_id="0" label="1_DJI_0697">
        <transform>9.4635145845784430e-01 -2.4611231021625685e-02 3.2220056545932779e-01 -1.5452156128434857e+00 -3.0660416441274478e-02 -9.9943579354104717e-01 1.3712529038259064e-02 5.8387671403729460e+00 3.2168129559916603e-01 -2.2855675369098993e-02 -9.4657211144479880e-01 3.9371722674183524e-01 0 0 0 1</transform>
        <rotation_covariance>8.4247328574765355e-10 4.1323290704526910e-10 5.5182594495983488e-11 4.1323290704526910e-10 2.2671836998420788e-09 5.3760211600788138e-11 5.5182594495983533e-11 5.3760211600788112e-11 1.7858551966830021e-10</rotation_covariance>
        <location_covariance>3.0744158202436778e-06 3.6744068974863681e-07 -8.7174067091516522e-06 3.6744068974863681e-07 1.0611857800754729e-07 -1.0614018612743914e-06 -8.7174067091516522e-06 -1.0614018612743914e-06 2.5482062825917884e-05</location_covariance>
        <orientation>1</orientation>
        <reference x="-83.580614499999996" y="31.436017249999999" z="114.95" yaw="180.30000000000004" pitch="0.099999999999993788" roll="-0" enabled="true" rotation_enabled="false"/>
      </camera>
      <camera id="7" sensor_id="0" component_id="0" label="1_DJI_0698">
        <transform>9.4652651541934474e-01 -3.4424926981741627e-03 3.2260766396993062e-01 -1.5228999152785503e+00 -8.5223295785929742e-03 -9.9986092845044383e-01 1.4335049939581179e-02 6.8173660487287098e+00 3.2251345011745863e-01 -1.6317873704605690e-02 -9.4642421856749515e-01 4.0873386044973148e-01 0 0 0 1</transform>
        <rotation_covariance>8.5020187448311034e-10 4.0421046936161919e-10 6.3337865002573449e-11 4.0421046936161919e-10 2.2777166678044705e-09 5.7144669630840689e-11 6.3337865002573436e-11 5.7144669630840683e-11 1.8066460359139746e-10</rotation_covariance>
        <location_covariance>3.0868954220016620e-06 3.7756971345406496e-07 -8.7412573824390344e-06 3.7756971345406496e-07 1.0931067391872945e-07 -1.0901734762284167e-06 -8.7412573824390344e-06 -1.0901734762284167e-06 2.5510240632365462e-05</location_covariance>
        <orientation>1</orientation>
        <reference x="-83.580613920000005" y="31.435992049999999" z="114.95" yaw="179.29999999999998" pitch="0.099999999999993788" roll="-0" enabled="true" rotation_enabled="false"/>
      </camera>
      <camera id="8" sensor_id="0" component_id="0" label="1_DJI_0699">
        <transform>9.4753390236038038e-01 4.3725185989162439e-02 3.1665061501270231e-01 -3.2976273994468940e+01 3.9061544322229136e-02 -9.9901476380526211e-01 2.1064127190064119e-02 -7.0040962803475935e+01 3.1725967224479068e-01 -7.5901126032369148e-03 -9.4830833095454670e-01 -1.2069168962745252e+01 0 0 0 1</transform>
        <rotation_covariance>4.8706866608827749e-09 1.0799690192537233e-10 2.6676116959049189e-10 1.0799690192537227e-10 4.3115302770520022e-09 2.5558957000157365e-10 2.6676116959049168e-10 2.5558957000157365e-10 6.3494738195913652e-10</rotation_covariance>
        <location_covariance>2.0053782564239385e-06 6.8276754622338510e-08 -5.8319922158064402e-06 6.8276754622338510e-08 1.4942476790044542e-07 -1.7838775880921541e-07 -5.8319922158064402e-06 -1.7838775880921541e-07 1.8767657599647870e-05</location_covariance>
        <orientation>1</orientation>
        <reference x="-83.579675179999995" y="31.438010599999998" z="118.17" yaw="180.09999999999999" pitch="0.099999999999993788" roll="-0" enabled="true" rotation_enabled="false"/>
      </camera>
      <camera id="9" sensor_id="0" component_id="0" label="1_DJI_0700">
        <transform>9.4668230111155260e-01 -1.6481936110264481e-02 3.2174674286493343e-01 -1.4687762486020013e+00 -2.2560313024138922e-02 -9.9963035001224687e-01 1.5172198609497284e-02 8.8195083880170397e+00 3.2137774197723978e-01 -2.1621959126090329e-02 -9.4670419764843139e-01 4.9646775416321343e-01 0 0 0 1</transform>
        <rotation_covariance>8.7102472586935526e-10 4.2629850933430892e-10 6.8929855747149481e-11 4.2629850933430892e-10 2.1692182738941091e-09 4.7973800523456836e-11 6.8929855747149494e-11 4.7973800523456829e-11 1.7445688938107569e-10</rotation_covariance>
        <location_covariance>3.1279808801417904e-06 4.0954694509168189e-07 -8.9064589017123768e-06 4.0954694509168189e-07 1.1839539595197944e-07 -1.1934334917825830e-06 -8.9064589017123768e-06 -1.1934334917825830e-06 2.6135606249023469e-05</location_covariance>
        <orientation>1</orientation>
        <reference x="-83.580613819999996" y="31.4359407" z="114.95" yaw="180.60000000000002" pitch="0.099999999999993788" roll="-0" enabled="true" rotation_enabled="false"/>
      </camera>
      <camera id="10" sensor_id="0" component_id="0" label="1_DJI_0701">
        <transform>9.4699843268853812e-01 -5.6797259181336351e-03 3.2118796552633699e-01 -1.4028113211366047e+00 -1.1336463583001983e-02 -9.9981177933299370e-01 1.5744538749182690e-02 9.8358549156325417e+00 3.2103808664842848e-01 -1.8551189193367956e-02 -9.4688457601791565e-01 5.1548940496669182e-01 0 0 0 1</transform>
        <rotation_covariance>8.9692205418855205e-10 4.2076579336402495e-10 6.5585636079719781e-11 4.2076579336402490e-10 2.1354423035436183e-09 4.1836866891269734e-11 6.5585636079719743e-11 4.1836866891269728e-11 1.6956417529800678e-10</rotation_covariance>
        <location_covariance>3.0983342675198308e-06 4.1849456499486743e-07 -8.8591876940327618e-06 4.1849456499486743e-07 1.2244623655634055e-07 -1.2265645203457875e-06 -8.8591876940327618e-06 -1.2265645203457875e-06 2.6120377343405729e-05</location_covariance>
        <orientation>1</orientation>
        <reference x="-83.580614130000001" y="31.43591481" z="114.95" yaw="180.09999999999999" pitch="0.099999999999993788" roll="-0" enabled="true" rotation_enabled="false"/>
      </camera>
      <camera id="11" sensor_id="0" component_id="0" label="1_DJI_0702">
        <transform>9.4706198862705859e-01 4.6975274939457023e-02 3.1759551829665944e-01 -3.2848753176654078e+01 4.1994096975489004e-02 -9.9886412312324402e-01 2.2515757958493809e-02 -6.6873926203622602e+01 3.1829245281183555e-01 -7.9866815132857982e-03 -9.4795892706458063e-01 -1.1984407571315073e+01 0 0 0 1</transform>
        <rotation_covariance>3.0212384420381907e-09 -3.1961061054975548e-10 9.8836772586349577e-11 -3.1961061054975543e-10 3.8520455090845367e-09 1.3811606784796114e-10 9.8836772586349784e-11 1.3811606784796119e-10 3.9652512345598505e-10</rotation_covariance>
        <location_covariance>1.9152896816282387e-06 9.4153537717535650e-08 -5.6192045901560568e-06 9.4153537717535650e-08 1.0823372074015437e-07 -2.9112455362843569e-07 -5.6192045901560568e-06 -2.9112455362843569e-07 1.7913624563127625e-05</location_covariance>
        <orientation>1</orientation>
        <reference x="-83.579675539999997" y="31.43792951" z="118.17" yaw="180.09999999999999" pitch="0.099999999999993788" roll="-0" enabled="true" rotation_enabled="false"/>
      </camera>
      <camera id="12" sensor_id="0" component_id="0" label="1_DJI_0703">
        <transform>9.4682591560588492e-01 4.8336895566044924e-02 3.1809468726169465e-01 -3.2806680696836970e+01 4.3440546827124317e-02 -9.9880323462675702e-01 2.2472591984185442e-02 -6.5814647006589951e+01 3.1880025788640515e-01 -7.4594253240127372e-03 -9.4779256831091319e-01 -1.1958821495542447e+01 0 0 0 1</transform>
        <rotation_covariance>2.7484174486913861e-09 -4.4841043404896251e-10 4.7317020485798892e-11 -4.4841043404896251e-10 3.7228198121484589e-09 1.3467604470686041e-10 4.7317020485798918e-11 1.3467604470686048e-10 3.4913289660793678e-10</rotation_covariance>
        <location_covariance>1.8905706610065551e-06 9.4336731087649073e-08 -5.5505634167464013e-06 9.4336731087649073e-08 9.9420082356228063e-08 -2.9935399090584833e-07 -5.5505634167464013e-06 -2.9935399090584833e-07 1.7629783806524998e-05</location_covariance>
        <orientation>1</orientation>
        <reference x="-83.579675699999996" y="31.43790233" z="118.17" yaw="179.90000000000001" pitch="0.099999999999993788" roll="-0" enabled="true" rotation_enabled="false"/>
      </camera>
      <camera id="13" sensor_id="0" component_id="0" label="1_DJI_0704">
        <transform>9.4688690368082284e-01 2.3943652668658834e-03 3.2155786206017883e-01 -1.2973800389651127e+00 -2.6869520968769173e-03 -9.9987845687372812e-01 1.5357466205109241e-02 1.2824836406249055e+01 3.2155555029601535e-01 -1.5405794195068644e-02 -9.4676538254154929e-01 6.0543868579064486e-01 0 0 0 1</transform>
        <rotation_covariance>1.0125857456812648e-09 4.8652055101144912e-10 5.5397529507602174e-11 4.8652055101144912e-10 2.1825785353615250e-09 4.9584632820447450e-11 5.5397529507602148e-11 4.9584632820447488e-11 1.6719396211686784e-10</rotation_covariance>
        <location_covariance>3.1687013920173606e-06 4.3046020620184510e-07 -9.0384651545783214e-06 4.3046020620184510e-07 1.3032556745861491e-07 -1.2569538922363296e-06 -9.0384651545783214e-06 -1.2569538922363296e-06 2.6617546580272385e-05</location_covariance>
        <orientation>1</orientation>
        <reference x="-83.580614199999999" y="31.435836930000001" z="114.95" yaw="179.80000000000001" pitch="0.099999999999993788" roll="-0" enabled="true" rotation_enabled="false"/>
      </camera>
      <camera id="14" sensor_id="0" component_id="0" label="1_DJI_0705">
        <transform>9.4672560512585702e-01 2.1994417768137105e-04 3.2204127099432101e-01 -1.2778600809369471e+00 -4.9823763453419288e-03 -9.9987007668295369e-01 1.5329894976100766e-02 1.3827876351177933e+01 3.2200280204531190e-01 -1.6117734908590482e-02 -9.4660150755023864e-01 6.7312562297425005e-01 0 0 0 1</transform>
        <rotation_covariance>1.0441770042406447e-09 5.6068430243273932e-10 5.3215789235753160e-11 5.6068430243273942e-10 2.2080999621628454e-09 5.9010727499615485e-11 5.3215789235753173e-11 5.9010727499615498e-11 1.6681961924457401e-10</rotation_covariance>
        <location_covariance>3.2582980814657821e-06 4.4760896089308296e-07 -9.2631922681530326e-06 4.4760896089308296e-07 1.3523776725955221e-07 -1.2987530451915662e-06 -9.2631922681530326e-06 -1.2987530451915662e-06 2.7187648361321285e-05</location_covariance>
        <orientation>1</orientation>
        <reference x="-83.580614159999996" y="31.43581069" z="114.84999999999999" yaw="180.09999999999999" pitch="0.099999999999993788" roll="-0" enabled="true" rotation_enabled="false"/>
      </camera>
      <camera id="15" sensor_id="0" component_id="0" label="1_DJI_0706">
        <transform>9.4648794026588212e-01 4.9619659048746156e-02 3.1890197297466349e-01 -3.2696508825083164e+01 4.4799024374940530e-02 -9.9874399753625942e-01 2.2438244145767894e-02 -6.2688155607737215e+01 3.1961480933508124e-01 -6.9510302242019040e-03 -9.4752206139620931e-01 -1.1877080055808621e+01 0 0 0 1</transform>
        <rotation_covariance>2.2622798611472383e-09 -5.0705794900433270e-10 2.0188868154545517e-11 -5.0705794900433259e-10 3.4831712654348363e-09 7.5315474160970733e-11 2.0188868154545349e-11 7.5315474160970746e-11 2.6337754056391366e-10</rotation_covariance>
        <location_covariance>1.8229981443177841e-06 1.0038452573758511e-07 -5.3642973473545886e-06 1.0038452573758511e-07 8.3537781858335387e-08 -3.2626204906602847e-07 -5.3642973473545886e-06 -3.2626204906602847e-07 1.6935679214226976e-05</location_covariance>
        <orientation>1</orientation>
        <reference x="-83.579675629999997" y="31.437822109999999" z="118.06999999999999" yaw="179.90000000000001" pitch="0.099999999999993788" roll="-0" enabled="true" rotation_enabled="false"/>
      </camera>
      <camera id="16" sensor_id="0" component_id="0" label="1_DJI_0707">
        <transform>9.4664398763656932e-01 -6.1994449624298564e-03 3.2222155041786393e-01 -1.2273053627901509e+00 -1.1925289552299004e-02 -9.9980407058152132e-01 1.5798984705162444e-02 1.5789333382983036e+01 3.2206047280072742e-01 -1.8798599170627983e-02 -9.4653244240680612e-01 6.9946333504669300e-01 0 0 0 1</transform>
        <rotation_covariance>1.3421708633859111e-09 6.6863796086340656e-10 7.2410069122005385e-11 6.6863796086340656e-10 2.2828967350109900e-09 5.7547607939837577e-11 7.2410069122005437e-11 5.7547607939837538e-11 1.8720841899245489e-10</rotation_covariance>
        <location_covariance>3.2855910828451326e-06 4.7048110137920277e-07 -9.3120302593974132e-06 4.7048110137920277e-07 1.5238469257523338e-07 -1.3597013465602398e-06 -9.3120302593974132e-06 -1.3597013465602398e-06 2.7294267167074406e-05</location_covariance>
        <orientation>1</orientation>
        <reference x="-83.580613159999999" y="31.435759659999999" z="114.95" yaw="180.70000000000002" pitch="0.099999999999993788" roll="-0" enabled="true" rotation_enabled="false"/>
      </camera>
      <camera id="17" sensor_id="0" component_id="0" label="1_DJI_0708">
        <transform>9.4667807007090876e-01 5.6390261830892930e-03 3.2213170137464886e-01 -1.1675302373871441e+00 1.1122239620945522e-04 -9.9985247713064174e-01 1.7175901877285946e-02 1.6798170862196152e+01 3.2218103494215500e-01 -1.6224221381194441e-02 -9.4653904059165772e-01 7.3383722586987676e-01 0 0 0 1</transform>
        <rotation_covariance>1.6390004136624044e-09 7.3215160162202962e-10 9.0762919632412708e-11 7.3215160162202952e-10 2.3643977778948206e-09 5.2526649146058922e-11 9.0762919632412682e-11 5.2526649146058941e-11 2.2046819102852577e-10</rotation_covariance>
        <location_covariance>3.3010256947556034e-06 5.0276413269499232e-07 -9.3560610577888449e-06 5.0276413269499232e-07 1.7231060528130360e-07 -1.4546989696482764e-06 -9.3560610577888449e-06 -1.4546989696482764e-06 2.7469727395174080e-05</location_covariance>
        <orientation>1</orientation>
        <reference x="-83.580614229999995" y="31.435733689999999" z="114.84999999999999" yaw="179.90000000000001" pitch="0.099999999999993788" roll="-0" enabled="true" rotation_enabled="false"/>
      </camera>
      <camera id="18" sensor_id="0" component_id="0" label="1_DJI_0709">
        <transform>9.4681641016286489e-01 4.4197461238930452e-02 3.1872444190293658e-01 -3.2599320625762545e+01 3.9006002679811233e-02 -9.9898210573691160e-01 2.2655775696014901e-02 -5.9594264132848366e+01 3.1940134189018021e-01 -9.0186937789681898e-03 -9.4757661746228883e-01 -1.1743540962145346e+01 0 0 0 1</transform>
        <rotation_covariance>2.0063304498223342e-09 -4.4111588238027122e-10 2.8061989754981635e-11 -4.4111588238027122e-10 3.3356187705428181e-09 6.2564564494408295e-11 2.8061989754981622e-11 6.2564564494408243e-11 2.2569813236824319e-10</rotation_covariance>
        <location_covariance>1.7971777257640653e-06 1.1523772429649558e-07 -5.3096005224638902e-06 1.1523772429649558e-07 7.8866744840062844e-08 -3.7124114231014651e-07 -5.3096005224638902e-06 -3.7124114231014651e-07 1.6754517476517514e-05</location_covariance>
        <orientation>1</orientation>
        <reference x="-83.579676039999995" y="31.437742440000001" z="118.17" yaw="180.19999999999999" pitch="0.099999999999993788" roll="-0" enabled="true" rotation_enabled="false"/>
      </camera>
      <camera id="19" sensor_id="0" component_id="0" label="1_DJI_0710">
        <transform>9.4649003391423192e-01 4.7505430356501011e-02 3.1921755870828994e-01 -3.2564485853511023e+01 4.2368790560952878e-02 -9.9883679557010918e-01 2.3020456156174429e-02 -5.8564600790437062e+01 3.1993984010660348e-01 -8.2637704396884004e-03 -9.4740182014321750e-01 -1.1719227588610483e+01 0 0 0 1</transform>
        <rotation_covariance>1.9557478099556304e-09 -3.8790691352059380e-10 3.2605940608048435e-11 -3.8790691352059385e-10 3.2970434711580309e-09 5.3602080028238821e-11 3.2605940608048655e-11 5.3602080028238847e-11 2.1980760310956434e-10</rotation_covariance>
        <location_covariance>1.7862676288650651e-06 1.1897197689801930e-07 -5.2628574768253984e-06 1.1897197689801930e-07 7.6625174384869969e-08 -3.7751282830672237e-07 -5.2628574768253984e-06 -3.7751282830672237e-07 1.6536394376987243e-05</location_covariance>
        <orientation>1</orientation>
        <reference x="-83.579675760000001" y="31.437715170000001" z="118.17" yaw="179.80000000000001" pitch="0.099999999999993788" roll="-0" enabled="true" rotation_enabled="false"/>
      </camera>
      <camera id="20" sensor_id="0" component_id="0" label="1_DJI_0711">
        <transform>-9.5534402463078361e-01 -7.6761274598603074e-03 2.9539612670019272e-01 -3.6533583765598578e+00 3.0316409826931854e-03 9.9935531475744643e-01 3.5773789553218693e-02 1.4932751722354528e+01 -2.9548029334493414e-01 3.5071811091900107e-02 -9.5470485717394660e-01 -7.2267856578858050e-02 0 0 0 1</transform>
        <rotation_covariance>2.2293280346447361e-09 6.2374603175264206e-11 1.3675257076596763e-11 6.2374603175264206e-11 1.0438483792341936e-09 -4.2911012599888841e-12 1.3675257076596854e-11 -4.2911012599888744e-12 1.3333257801955803e-10</rotation_covariance>
        <location_covariance>3.1265089627693754e-06 5.2777977865049681e-07 -9.0908397149168523e-06 5.2777977865049681e-07 1.6033400333578643e-07 -1.5721707011051685e-06 -9.0908397149168523e-06 -1.5721707011051685e-06 2.7165553551242057e-05</location_covariance>
        <orientation>1</orientation>
        <reference x="-83.580537440000001" y="31.43578304" z="114.84999999999999" yaw="0.30000000000000004" pitch="0.099999999999993788" roll="-0" enabled="true" rotation_enabled="false"/>
      </camera>
      <camera id="21" sensor_id="0" component_id="0" label="1_DJI_0712">
        <transform>9.4640240409071064e-01 4.8942468554997585e-02 3.1926027673837898e-01 -3.2514349465901212e+01 4.4010068813091531e-02 -9.9877429454375077e-01 2.2649997830032818e-02 -5.6413024519952614e+01 3.1997750448178414e-01 -7.3853456504497355e-03 -9.4739635490919694e-01 -1.1643108715940855e+01 0 0 0 1</transform>
        <rotation_covariance>1.9566655242977297e-09 -3.5158939644109102e-10 2.6919304300950132e-11 -3.5158939644109107e-10 3.3268194295371176e-09 3.0400067511104082e-11 2.6919304300949938e-11 3.0400067511104082e-11 2.0773103884225151e-10</rotation_covariance>
        <location_covariance>1.7664517099988979e-06 1.1914775260200630e-07 -5.2055374833785450e-06 1.1914775260200630e-07 7.4978026805153018e-08 -3.7762659559818982e-07 -5.2055374833785450e-06 -3.7762659559818982e-07 1.6350411629359712e-05</location_covariance>
        <orientation>1</orientation>
        <reference x="-83.579675120000005" y="31.437659740000001" z="118.06999999999999" yaw="179.49999999999997" pitch="0.099999999999993788" roll="-0" enabled="true" rotation_enabled="false"/>
      </camera>
      <camera id="22" sensor_id="0" component_id="0" label="1_DJI_0713">
        <transform>9.4692908655981167e-01 3.6709178926230455e-02 3.1933953906392842e-01 -3.2482620209597201e+01 3.1108186611427117e-02 -9.9925994188103551e-01 2.2624086228133410e-02 -5.5401414177332740e+01 3.1993372087472888e-01 -1.1489331332649087e-02 -9.4737025998960911e-01 -1.1585307518355943e+01 0 0 0 1</transform>
        <rotation_covariance>1.9530469835180758e-09 -3.3627321967299952e-10 3.3597800688812724e-11 -3.3627321967299957e-10 3.3621839525738127e-09 1.0103231965294785e-11 3.3597800688812724e-11 1.0103231965294795e-11 2.1094331386007763e-10</rotation_covariance>
        <location_covariance>1.7777872106351770e-06 1.2612515722023705e-07 -5.2323741151699346e-06 1.2612515722023705e-07 7.6987746660550166e-08 -4.0109664592685041e-07 -5.2323741151699346e-06 -4.0109664592685041e-07 1.6411623323776111e-05</location_covariance>
        <orientation>1</orientation>
        <reference x="-83.579675280000004" y="31.437633689999998" z="118.06999999999999" yaw="180.30000000000004" pitch="0.099999999999993788" roll="-0" enabled="true" rotation_enabled="false"/>
      </camera>
      <camera id="23" sensor_id="0" component_id="0" label="1_DJI_0714">
        <transform>9.4736099235999749e-01 2.5069777611733391e-02 3.1918436115383042e-01 -3.2414358099236686e+01 1.9083167803798921e-02 -9.9957867884483720e-01 2.1870013840454932e-02 -5.4381224340875704e+01 3.1959815841342493e-01 -1.4627749290573411e-02 -9.4744025990530933e-01 -1.1538973883479608e+01 0 0 0 1</transform>
        <rotation_covariance>2.0281282461082227e-09 -3.1109657150571993e-10 6.3689997215855864e-11 -3.1109657150571998e-10 3.4528531280376085e-09 1.8416144949020875e-11 6.3689997215855734e-11 1.8416144949020885e-11 2.1809321601644478e-10</rotation_covariance>
        <location_covariance>1.7667629805446025e-06 1.2484194385786415e-07 -5.1974910190205578e-06 1.2484194385786415e-07 8.0163917163993763e-08 -3.9841166313811060e-07 -5.1974910190205578e-06 -3.9841166313811060e-07 1.6310039357387281e-05</location_covariance>
        <orientation>1</orientation>
        <reference x="-83.579676329999998" y="31.43760782" z="118.17" yaw="180.90000000000001" pitch="0.099999999999993788" roll="-0" enabled="true" rotation_enabled="false"/>
      </camera>
      <camera id="24" sensor_id="0" component_id="0" label="1_DJI_0715">
        <transform>-9.5549496603174067e-01 -2.6730191774472993e-02 2.9379391882015227e-01 -3.8055571018554768e+00 -1.5972191535153606e-02 9.9911325258563999e-01 3.8956355133762159e-02 1.0859391267760946e+01 -2.9457470866584373e-01 3.2530068481995765e-02 -9.5507462308397140e-01 -2.4136303425840180e-01 0 0 0 1</transform>
        <rotation_covariance>2.2158667007192281e-09 -8.6926171829736688e-11 1.4758159159251280e-11 -8.6926171829736675e-11 1.1723043678089566e-09 1.6308745063124058e-11 1.4758159159251199e-11 1.6308745063124052e-11 1.2959436049555956e-10</rotation_covariance>
        <location_covariance>2.9410880136377033e-06 5.4775163367359190e-07 -8.6335284159253114e-06 5.4775163367359190e-07 1.6581914060239074e-07 -1.6546490563684382e-06 -8.6335284159253114e-06 -1.6546490563684382e-06 2.6056536617023223e-05</location_covariance>
