<?xml version="1.0" encoding="UTF-8"?>
<document version="1.5.0">
  <chunk label="Chunk 1" enabled="true">
    <sensors next_id="1">
      <sensor id="0" label="FC6310S (8.8mm)" type="frame">
        <resolution width="5472" height="3648"/>
        <property name="pixel_width" value="0.0024122807017543861"/>
        <property name="pixel_height" value="0.0024122807017543861"/>
        <property name="focal_length" value="8.8000000000000007"/>
        <property name="layer_index" value="0"/>
        <bands>
          <band label="Red"/>
          <band label="Green"/>
          <band label="Blue"/>
        </bands>
        <data_type>uint8</data_type>
        <calibration type="frame" class="adjusted">
          <resolution width="5472" height="3648"/>
          <f>3342.6364899794698</f>
          <cx>3.3128182195117977</cx>
          <cy>-1.6741090265428855</cy>
          <k1>-0.0092098704171589638</k1>
          <k2>0.0021163963759038818</k2>
          <k3>0.0030506496287078756</k3>
          <p1>0.00079466387382991211</p1>
          <p2>-0.00077512706186012045</p2>
        </calibration>
        <covariance>
          <params>f cx cy k1 k2 k3 p1 p2</params>
          <coeffs>1.3190485089195173e+01 2.7001343094780283e-01 1.7129196424344548e-01 -7.6486298701332575e-05 3.3971423225801942e-05 7.1855104427455882e-05 2.9333085102180895e-06 -3.3846765978008172e-06 2.7001343094780283e-01 1.1002149816586794e-02 3.3886472266889886e-03 -1.5737357522090415e-06 7.2031820817604912e-07 1.4531360084312851e-06 5.8270871780738479e-08 -7.0027550140049148e-08 1.7129196424344548e-01 3.3886472266889886e-03 4.9361834119601789e-03 -9.9214554129738620e-07 4.3927618978825018e-07 9.3441350212561632e-07 3.8111124024518933e-08 -4.5181114439083910e-08 -7.6486298701332575e-05 -1.5737357522090415e-06 -9.9214554129738620e-07 4.8206009813556315e-10 -2.8373801946800614e-10 -3.5902711914948482e-10 -1.7080309693568944e-11 1.9635720578441629e-11 3.3971423225801942e-05 7.2031820817604912e-07 4.3927618978825018e-07 -2.8373801946800614e-10 3.0588932078852107e-10 3.2085227035477841e-11 7.5786342424204403e-12 -8.7734064264166860e-12 7.1855104427455882e-05 1.4531360084312851e-06 9.3441350212561632e-07 -3.5902711914948482e-10 3.2085227035477841e-11 5.0260845240714232e-10 1.5992395638040596e-11 -1.8391317383808894e-11 2.9333085102180895e-06 5.8270871780738479e-08 3.8111124024518933e-08 -1.7080309693568944e-11 7.5786342424204403e-12 1.5992395638040596e-11 9.4236954485093104e-13 -7.8990781204198353e-13 -3.3846765978008172e-06 -7.0027550140049148e-08 -4.5181114439083910e-08 1.9635720578441629e-11 -8.7734064264166860e-12 -1.8391317383808894e-11 -7.8990781204198353e-13 1.5645253401138701e-12</coeffs>
        </covariance>
        <meta>
          <property name="Exif/BodySerialNumber" value="91729d101b4029bd904de8ef6494c684"/>
          <property name="Exif/Make" value="DJI"/>
          <property name="Exif/Model" value="FC6310S"/>
          <property name="Exif/Software" value="v01.08.1719"/>
        </meta>
      </sensor>
    </sensors>
    <components next_id="1" active_id="0">
      <component id="0" label="Component 1">
        <transform>
          <rotation locked="true">-9.7698957801277819e-01 -8.4056317027143973e-03 2.1312134996309409e-01 -1.5340061806181224e-01 -6.6654889153891383e-01 -7.2950724846741566e-01 1.4818776883625495e-01 -7.4541392564394970e-01 6.4992189117109178e-01</rotation>
          <translation locked="true">6.0906676571614563e+05 -5.4128689996175617e+06 3.3072628451206009e+06</translation>
          <scale locked="true">2.6973370913441350e+00</scale>
        </transform>
        <region>
          <center>5.4701658492364960e+00 -4.2512519076956622e+01 2.0037236039843713e+00</center>
          <size>1.4542343604292435e+02 7.6907719925892209e+01 2.2892453358479504e+01</size>
          <R>-4.7166277710360055e-02 9.8410919861020518e-01 -1.7118535993982922e-01 -9.9234368842288490e-01 -2.6580366918063245e-02 1.2061296838137003e-01 1.1414616197758651e-01 1.7556357624883562e-01 9.7782824892744125e-01</R>
        </region>
        <partition>
          <camera_ids>67 1067</camera_ids>
          <partition>
            <partition>
              <partition>
                <camera_ids>149 150 152 153 154 155 164 173 175 177 603 604 605 606 607 608 609 610 611 612 613 614 615 616 617 618 619 620 621 622 780 781 782 783 784 785 786 787 788 789 790 791 792 793 794 795 796 797 798 799 800 801 802 969 970 971 972 973 974 975 976 977 978 979 980 981 982 983 984 985 986 987 988 989 990 991 992 993 1150 1155 1156 1157 1158 1159 1160 1161 1162 1164 1165 1166 1167 1168 1169 1170 1171 1173 1175 1177</camera_ids>
              </partition>
              <partition>
                <camera_ids>231 233 234 235 236 247 249 251 256 391 392 393 394 395 396 397 398 399 400 401 402 403 404 405 406 407 408 409 410 411 412 413 414 415 416 417 418 419 420 421 422 423 424 425 426 427 428 429 430 431 432 433 434 435 436 437 438 439 440 441 442 443 444 445 446 447 448 449 450 451 452 453 454 455 456 457 458 595 596 597 598 599 600 601 602 1229 1231 1236 1237 1238 1239 1240 1241 1242 1243 1244 1245 1247 1249 1251 1252 1253 1254</camera_ids>
              </partition>
            </partition>
            <partition>
              <partition>
                <camera_ids>70 72 73 78 80 81 84 85 86 89 93 94 100 101 105 107 108 111 114 116 117 119 120 1068 1070 1073 1074 1075 1076 1078 1081 1082 1086 1087 1089 1090 1091 1094 1095 1096 1097 1098 1101 1102 1103 1105 1108 1109 1111 1112 1114 1117 1120 1121</camera_ids>
              </partition>
              <partition>
                <camera_ids>204 206 208 209 210 211 217 220 221 222 224 257 258 259 260 261 264 265 266 268 270 271 273 274 275 277 278 280 281 282 285 384 385 386 387 388 389 390 1204 1206 1211 1212 1213 1214 1215 1217 1218 1222 1224 1225 1226 1227 1228 1261 1262 1266 1268 1271 1275 1278 1282 1283</camera_ids>
              </partition>
            </partition>
            <partition>
              <partition>
                <camera_ids>28 29 30 32 33 34 35 36 37 39 40 43 45 48 49 50 51 59 60 61 64 66 215 216 218 219 223 225 226 227 228 229 262 263 267 269 272 276 279 283 284 286 287 288 293 294 295 299 300 340 347 350 351 353 355 356 361 362 363 364 365 366 367 371 372 374 1216 1219 1220 1221 1223 1256 1257 1258 1259 1260 1263 1264 1265 1267 1269 1270 1272 1273 1274 1276 1277 1279 1280 1281 1284 1288 1289 1290 1291 1295 1296 1297</camera_ids>
              </partition>
              <partition>
                <camera_ids>0 2 4 5 6 9 10 16 17 18 19 20 21 24 27 141 143 144 145 146 147 148 179 182 183 184 185 187 189 190 191 193 194 196 198 203 205 207 212 213 214 301 302 303 307 310 312 316 317 320 321 322 323 324 331 332 334 335 1141 1179 1180 1185 1187 1191 1194 1196 1198 1199 1200 1201 1203 1205 1207 1208 1209 1210 1303 1304 1305 1307</camera_ids>
              </partition>
            </partition>
            <partition>
              <partition>
                <camera_ids>763 764 765 766 767 768 769 770 771 772 773 774 775 776 777 778 779 803 804 805 806 807 808 809 810 811 812 813 814 815 816 817 818 819 820 821 822 823 824 825 826 827 828 829 830 831 832 833 834 835 836 837 838 935 936 937 938 939 940 941 942 943 944 945 946 947 948 949 950 951 952 953 954 955 956 957 958 959 960 961 962 963 964 965 966 967 968 994 995 996 997 998 999 1000 1001 1002 1003 1004 1005</camera_ids>
              </partition>
              <partition>
                <camera_ids>74 75 76 77 79 82 83 87 88 90 91 92 95 96 97 98 99 102 103 104 106 109 110 112 113 115 118 121 122 123 127 128 129 133 135 136 139 140 230 232 237 238 239 240 241 242 243 244 245 246 248 250 252 253 254 255 1006 1007 1008 1009 1010 1011 1012 1013 1014 1015 1016 1017 1018 1019 1020 1021 1022 1023 1024 1025 1026 1027 1028 1029 1030 1031 1032 1033 1034 1035 1036 1037 1038 1039 1040 1041 1042 1043 1044 1045 1046 1047 1048 1049 1050 1051 1071 1072 1077 1079 1080 1083 1084 1085 1088 1092 1093 1099 1100 1104 1106 1107 1110 1113 1115 1116 1118 1119 1123 1124 1125 1129 1130 1131 1133 1136 1137 1230 1232 1233 1234 1235 1246 1248 1250 1255</camera_ids>
              </partition>
              <partition>
                <camera_ids>68 69 71 839 840 841 842 843 844 845 846 847 848 849 850 851 852 853 854 855 856 857 858 859 860 861 862 863 864 865 866 867 887 888 889 890 891 892 893 894 895 896 897 898 899 900 901 902 903 904 905 906 907 908 909 910 911 912 913 914 915 916 917 918 919 920 921 922 923 924 925 926 927 928 929 930 931 932 933 934 1052 1053 1054 1055 1056 1057 1058 1059 1060 1061 1062 1063 1064 1065 1066 1069</camera_ids>
              </partition>
              <partition>
                <camera_ids>577 578 579 580 581 582 583 584 585 586 587 588 589 590 591 592 593 594 623 624 625 626 627 628 629 630 631 632 633 634 635 636 637 638 639 640 641 642 643 644 645 646 647 648 649 756 757 758 759 760 761 762</camera_ids>
              </partition>
            </partition>
          </partition>
          <partition>
            <partition>
              <partition>
                <camera_ids>1 3 46 47 52 53 54 55 56 57 58 62 63 65 289 290 291 292 296 297 298 304 305 306 308 309 311 313 314 315 354 357 358 359 360 368 369 370 373 375 376 377 378 379 380 381 382 383 1285 1286 1287 1292 1293 1294 1298 1299 1300 1301 1302 1306</camera_ids>
              </partition>
              <partition>
                <camera_ids>124 125 126 130 131 132 134 137 138 142 172 174 176 178 180 181 186 188 192 195 197 199 200 201 202 1122 1126 1127 1128 1132 1134 1135 1138 1139 1140 1142 1143 1144 1145 1146 1147 1148 1149 1172 1174 1176 1178 1181 1182 1183 1184 1186 1188 1189 1190 1192 1193 1195 1197 1202</camera_ids>
              </partition>
              <partition>
                <camera_ids>7 8 11 12 13 14 15 22 23 25 26 31 38 41 42 44 151 156 157 158 159 160 161 162 163 165 166 167 168 169 170 171 318 319 325 326 327 328 329 330 333 336 337 338 339 341 342 343 344 345 346 348 349 352 500 501 502 503 504 505 506 507 508 509 510 511 512 513 514 515 516 517 518 1151 1152 1153 1154 1163</camera_ids>
              </partition>
            </partition>
            <partition>
              <partition>
                <camera_ids>459 460 461 462 463 464 465 466 467 468 469 470 471 472 473 474 475 476 477 478 479 480 481 482 483 484 485 486 552 553 554 555 556 557 558 559 560 561 562 563 564 565 566 567 568 569 570 571 572 573 574 575 576</camera_ids>
              </partition>
              <partition>
                <camera_ids>650 651 652 653 654 655 656 657 658 659 660 661 662 663 664 665 666 667 668 669 670 671 672 673 674 675 676 677 678 679 680 681 682 703 704 705 706 707 708 709 710 711 712 713 714 715 716 717 718 719 720 721 722 723 724 725 726 727 728 729 730 731 732 733 734 735 736 737 738 739 740 741 742 743 744 745 746 747 748 749 750 751 752 753 754 755 868 869 870 871 872 873 874 875 876 877 878 879 880 881 882 883 884 885 886</camera_ids>
              </partition>
              <partition>
                <camera_ids>487 488 489 490 491 492 493 494 495 496 497 498 499 519 520 521 522 523 524 525 526 527 528 529 530 531 532 533 534 535 536 537 538 539 540 541 542 543 544 545 546 547 548 549 550 551 683 684 685 686 687 688 689 690 691 692 693 694 695 696 697 698 699 700 701 702</camera_ids>
              </partition>
            </partition>
          </partition>
        </partition>
      </component>
    </components>
    <cameras next_id="1308" next_group_id="0">
      <camera id="0" sensor_id="0" component_id="0" label="1_DJI_0001">
        <transform>9.9365876929447472e-01 -4.5303021418164793e-02 -1.0290717397040987e-01 -1.1785332904345829e+01 -6.3650413396232786e-02 -9.8110898502549260e-01 -1.8268493199149746e-01 -3.6088082398457203e+01 -9.2686973619163754e-02 1.8807656885596979e-01 -9.7777110264554579e-01 6.8736924821939400e+00 0 0 0 1</transform>
        <rotation_covariance>6.0411591164449509e-10 1.2830506410125416e-10 1.7475420235792208e-11 1.2830506410125416e-10 8.9724646862070556e-10 -8.0702332457601968e-12 1.7475420235792202e-11 -8.0702332457602049e-12 8.5414529654524253e-11</rotation_covariance>
        <location_covariance>2.7019515197652550e-07 2.8578719226805342e-07 1.8055351755638615e-06 2.8578719226805342e-07 4.1648259679466850e-07 2.3713738441148109e-06 1.8055351755638615e-06 2.3713738441148109e-06 1.5030364066630130e-05</location_covariance>
        <orientation>1</orientation>
        <reference x="-83.579519840000003" y="31.436697880000001" z="73.719999999999999" yaw="180.40000000000003" pitch="0.099999999999993788" roll="-0" enabled="true" rotation_enabled="false"/>
      </camera>
      <camera id="1" sensor_id="0" component_id="0" label="1_DJI_0002">
        <transform>-9.5573470838187280e-01 -2.6552226130716206e-01 -1.2676393787094128e-01 2.1918683354525395e+01 -2.4240180458605282e-01 9.5475853448317571e-01 -1.7227160521967422e-01 -6.6495104495185572e+01 1.6677089772391884e-01 -1.3391814508075200e-01 -9.7685894482800772e-01 8.3503627457412488e+00 0 0 0 1</transform>
        <rotation_covariance>1.4433478434215628e-09 -2.4432618122475780e-10 -1.5027742224301289e-10 -2.4432618122475775e-10 2.5679557318244934e-09 3.2101546789573801e-11 -1.5027742224301292e-10 3.2101546789573775e-11 2.8918537112443604e-10</rotation_covariance>
        <location_covariance>2.3392351343402183e-07 2.6022998337537714e-07 1.4029306403019464e-06 2.6022998337537714e-07 5.2986902809361566e-07 2.4746279555607602e-06 1.4029306403019464e-06 2.4746279555607602e-06 1.3461130500342551e-05</location_covariance>
        <orientation>1</orientation>
        <reference x="-83.580380250000005" y="31.437497359999998" z="71.120000000000005" yaw="0.20000000000000001" pitch="0.099999999999993788" roll="-0" enabled="true" rotation_enabled="false"/>
      </camera>
      <camera id="2" sensor_id="0" component_id="0" label="1_DJI_0003">
        <transform>9.9367313402927637e-01 -4.5370326611196860e-02 -1.0273867904362485e-01 -1.2053259401082920e+01 -6.3739707740277179e-02 -9.8099506391547142e-01 -1.8326465625063754e-01 -3.3911149204486392e+01 -9.2471359704611691e-02 1.8865369870923193e-01 -9.7768033098641527e-01 6.5004472550139951e+00 0 0 0 1</transform>
        <rotation_covariance>6.0170845254480100e-10 1.2220582994942697e-10 1.9043603353314041e-11 1.2220582994942695e-10 8.8723375827099663e-10 -4.8029603536910319e-12 1.9043603353314025e-11 -4.8029603536910481e-12 9.1863878924937692e-11</rotation_covariance>
        <location_covariance>2.7404961468721612e-07 2.9206372656192907e-07 1.8370866674209942e-06 2.9206372656192907e-07 4.2669395493964823e-07 2.4214761823107597e-06 1.8370866674209942e-06 2.4214761823107597e-06 1.5287397355047985e-05</location_covariance>
        <orientation>1</orientation>
        <reference x="-83.579518930000006" y="31.436643979999999" z="73.719999999999999" yaw="180.40000000000003" pitch="0.099999999999993788" roll="-0" enabled="true" rotation_enabled="false"/>
      </camera>
      <camera id="3" sensor_id="0" component_id="0" label="1_DJI_0004">
        <transform>-9.5480405911018584e-01 -2.6889587976008733e-01 -1.2666575920414327e-01 2.2115446751499707e+01 -2.4577368858646048e-01 9.5388363238207052e-01 -1.7234067967892452e-01 -6.8660474157787732e+01 1.6716609316879658e-01 -1.3342046965003918e-01 -9.7685949633150637e-01 8.7202609870629413e+00 0 0 0 1</transform>
        <rotation_covariance>1.4904347354254245e-09 -1.5737436988075780e-10 -6.0998123130198931e-11 -1.5737436988075796e-10 2.5730889141774815e-09 1.6959146325591754e-11 -6.0998123130198957e-11 1.6959146325591831e-11 2.5835326524948213e-10</rotation_covariance>
        <location_covariance>2.3441919433640363e-07 2.6570296100744955e-07 1.4110572913673841e-06 2.6570296100744955e-07 5.4034169171326948e-07 2.5145527083544697e-06 1.4110572913673841e-06 2.5145527083544697e-06 1.3551082610335894e-05</location_covariance>
        <orientation>1</orientation>
        <reference x="-83.580379890000003" y="31.437551129999999" z="71.219999999999999" yaw="0" pitch="0.099999999999993788" roll="-0" enabled="true" rotation_enabled="false"/>
      </camera>
      <camera id="4" sensor_id="0" component_id="0" label="1_DJI_0005">
        <transform>9.9306996627626631e-01 -5.7403329944811621e-02 -1.0255193704315299e-01 -1.2239326495292994e+01 -7.5614649051907734e-02 -9.8008491099988038e-01 -1.8361914954359718e-01 -3.1744927903499402e+01 -8.9969255464367112e-02 1.9010109137404799e-01 -9.7763342216271587e-01 6.1103108842024376e+00 0 0 0 1</transform>
        <rotation_covariance>6.0325291976344097e-10 1.2209364665221499e-10 2.2569091780532290e-11 1.2209364665221502e-10 8.7377734466404537e-10 -4.3715665671190534e-12 2.2569091780532296e-11 -4.3715665671191019e-12 9.2098953611132314e-11</rotation_covariance>
        <location_covariance>2.7550178570040203e-07 2.9510983326438850e-07 1.8563542586538525e-06 2.9510983326438850e-07 4.3143530896207445e-07 2.4520975409722149e-06 1.8563542586538525e-06 2.4520975409722149e-06 1.5481491907106898e-05</location_covariance>
        <orientation>1</orientation>
        <reference x="-83.579520740000007" y="31.436590549999998" z="73.620000000000005" yaw="181.19999999999999" pitch="0.099999999999993788" roll="-0" enabled="true" rotation_enabled="false"/>
      </camera>
      <camera id="5" sensor_id="0" component_id="0" label="1_DJI_0006">
        <transform>9.9452325174414424e-01 -2.3659516403533760e-02 -1.0180240185675568e-01 -1.2376706949568797e+01 -4.2156300804998187e-02 -9.8209942789771065e-01 -1.8358529359790168e-01 -3.0663430690093097e+01 -9.5636541356805493e-02 1.8687145583673342e-01 -9.7771811425930288e-01 5.9181490969098896e+00 0 0 0 1</transform>
        <rotation_covariance>5.9981725944009995e-10 1.1972178446616037e-10 2.1882742085675444e-11 1.1972178446616035e-10 8.8316761720481206e-10 -2.6558842717383398e-12 2.1882742085675441e-11 -2.6558842717383608e-12 9.1434243355913472e-11</rotation_covariance>
        <location_covariance>2.7321208615115403e-07 2.9514029744587290e-07 1.8522760832068120e-06 2.9514029744587290e-07 4.3497863100806762e-07 2.4704835443572555e-06 1.8522760832068120e-06 2.4704835443572555e-06 1.5565967452681159e-05</location_covariance>
        <orientation>1</orientation>
        <reference x="-83.579520430000002" y="31.436562649999999" z="73.719999999999999" yaw="179.09999999999999" pitch="0.099999999999993788" roll="-0" enabled="true" rotation_enabled="false"/>
      </camera>
      <camera id="6" sensor_id="0" component_id="0" label="1_DJI_0007">
        <transform>9.9456306405158168e-01 -2.0807343500034575e-02 -1.0203610185028182e-01 -1.2514497565663756e+01 -3.9344592997455671e-02 -9.8229018902645349e-01 -1.8318839358496089e-01 -2.9603555151463798e+01 -9.6417397943494007e-02 1.8620697892089225e-01 -9.7776819664732395e-01 5.7302262361047864e+00 0 0 0 1</transform>
        <rotation_covariance>6.1506859359841067e-10 1.1866716025119633e-10 2.1124507927809349e-11 1.1866716025119633e-10 8.7248507981786667e-10 -2.8431261864888465e-12 2.1124507927809336e-11 -2.8431261864888319e-12 9.1510291081994739e-11</rotation_covariance>
        <location_covariance>2.7703229543698043e-07 2.9672794779516002e-07 1.8741968987970084e-06 2.9672794779516002e-07 4.3212149553092724e-07 2.4686495520123473e-06 1.8741968987970084e-06 2.4686495520123473e-06 1.5653321057268513e-05</location_covariance>
        <orientation>1</orientation>
        <reference x="-83.579520130000006" y="31.43653694" z="73.620000000000005" yaw="179" pitch="0.099999999999993788" roll="-0" enabled="true" rotation_enabled="false"/>
      </camera>
      <camera id="7" sensor_id="0" component_id="0" label="1_DJI_0008">
        <transform>-9.5763755000358608e-01 -2.5886441393437176e-01 -1.2617265163870706e-01 2.2601044903512275e+01 -2.3598311689669998e-01 9.5652476082815641e-01 -1.7138363534000822e-01 -7.2975213315879742e+01 1.6505238975200182e-01 -1.3434878905688985e-01 -9.7709165973111278e-01 9.4029168959932079e+00 0 0 0 1</transform>
        <rotation_covariance>1.5370156690674801e-09 -9.3125203614667544e-11 8.2411074706591240e-11 -9.3125203614667440e-11 2.6889283882241427e-09 -2.8266199903944608e-11 8.2411074706591240e-11 -2.8266199903944679e-11 3.1847417878027472e-10</rotation_covariance>
        <location_covariance>2.3686849534035443e-07 2.6569169009012386e-07 1.3963465624362914e-06 2.6569169009012386e-07 5.5211616353733965e-07 2.5287316452146313e-06 1.3963465624362914e-06 2.5287316452146313e-06 1.3520184724014535e-05</location_covariance>
        <orientation>1</orientation>
        <reference x="-83.580380550000001" y="31.437657869999999" z="71.219999999999999" yaw="0.20000000000000001" pitch="0.099999999999993788" roll="-0" enabled="true" rotation_enabled="false"/>
      </camera>
      <camera id="8" sensor_id="0" component_id="0" label="1_DJI_0009">
        <transform>-9.5851040850862579e-01 -2.5553101370998804e-01 -1.2633961299993551e-01 2.2705500318488159e+01 -2.3262931314684035e-01 9.5734446572431664e-01 -1.7139188023897292e-01 -7.3992625534309653e+01 1.6474647020636601e-01 -1.3489060374750650e-01 -9.7706863913195785e-01 9.5881907348918958e+00 0 0 0 1</transform>
        <rotation_covariance>1.4910812074283143e-09 -1.3547501348873588e-10 1.2324743095345570e-10 -1.3547501348873583e-10 2.7146343920956816e-09 -2.3665064148522943e-11 1.2324743095345572e-10 -2.3665064148522969e-11 3.4589214421107946e-10</rotation_covariance>
        <location_covariance>2.4250476241231687e-07 2.7082307408826318e-07 1.4191754983941058e-06 2.7082307408826318e-07 5.6598110248715641e-07 2.5727126616246322e-06 1.4191754983941058e-06 2.5727126616246322e-06 1.3703706702987373e-05</location_covariance>
        <orientation>1</orientation>
        <reference x="-83.580380390000002" y="31.437682339999999" z="71.219999999999999" yaw="0.30000000000000004" pitch="0.099999999999993788" roll="-0" enabled="true" rotation_enabled="false"/>
      </camera>
      <camera id="9" sensor_id="0" component_id="0" label="1_DJI_0010">
        <transform>9.9314538012516373e-01 -5.7995957197502022e-02 -1.0148262356082804e-01 -1.2890333265369696e+01 -7.6089875801178319e-02 -9.7985038121142365e-01 -1.8467149547341707e-01 -2.6401572902161210e+01 -8.8727587235337788e-02 1.9112744279295055e-01 -9.7754678449413501e-01 5.2110991348584612e+00 0 0 0 1</transform>
        <rotation_covariance>5.5988000605044054e-10 1.1775691996405106e-10 1.7769852853823427e-11 1.1775691996405106e-10 8.5178149666104864e-10 -3.3531482573578361e-12 1.7769852853823427e-11 -3.3531482573578506e-12 8.7638717619665460e-11</rotation_covariance>
        <location_covariance>2.8272364865306524e-07 3.0995017819790179e-07 1.9402469647054766e-06 3.0995017819790179e-07 4.5831213515563801e-07 2.6085395542941455e-06 1.9402469647054766e-06 2.6085395542941455e-06 1.6362144843260633e-05</location_covariance>
        <orientation>1</orientation>
        <reference x="-83.579519660000003" y="31.436456509999999" z="73.620000000000005" yaw="181.30000000000001" pitch="0.099999999999993788" roll="-0" enabled="true" rotation_enabled="false"/>
      </camera>
      <camera id="10" sensor_id="0" component_id="0" label="1_DJI_0011">
        <transform>9.9399207657138278e-01 -4.0283384696941330e-02 -1.0176935015351810e-01 -1.3001454136953081e+01 -5.8656588555378142e-02 -9.8106764215656383e-01 -1.8456891973570327e-01 -2.5308755178619339e+01 -9.2407555602105562e-02 1.8942948669813214e-01 -9.7753634880597962e-01 5.0488604599743487e+00 0 0 0 1</transform>
        <rotation_covariance>5.6212867818848626e-10 1.0402509357762473e-10 1.6356448642211641e-11 1.0402509357762471e-10 8.4991590105365153e-10 -4.4071911439502625e-12 1.6356448642211635e-11 -4.4071911439502835e-12 8.7249717032469522e-11</rotation_covariance>
        <location_covariance>2.9284622263929577e-07 3.1995025863608213e-07 2.0044454988378379e-06 3.1995025863608213e-07 4.6792914081833143e-07 2.6694448928704450e-06 2.0044454988378379e-06 2.6694448928704450e-06 1.6753876262030350e-05</location_covariance>
        <orientation>1</orientation>
        <reference x="-83.579519919999996" y="31.436429749999999" z="73.719999999999999" yaw="180.30000000000004" pitch="0.099999999999993788" roll="-0" enabled="true" rotation_enabled="false"/>
      </camera>
      <camera id="11" sensor_id="0" component_id="0" label="1_DJI_0012">
        <transform>-9.5970172643014484e-01 -2.5079414927611149e-01 -1.2678679338113324e-01 2.3026255968691380e+01 -2.2795546134199760e-01 9.5859427601318170e-01 -1.7068486060316218e-01 -7.7266692647095439e+01 1.6434385881850200e-01 -1.3490481341907457e-01 -9.7713447763601569e-01 1.0078327533043842e+01 0 0 0 1</transform>
        <rotation_covariance>1.3976086610047723e-09 -2.8081351980958183e-10 1.6197938938517109e-10 -2.8081351980958178e-10 2.8591964419482652e-09 -1.3722210608066415e-11 1.6197938938517106e-10 -1.3722210608066428e-11 4.0155620841499123e-10</rotation_covariance>
        <location_covariance>2.4964512355675466e-07 2.6998263622065517e-07 1.4089400471694190e-06 2.6998263622065517e-07 5.6827541830664414e-07 2.5399286628128967e-06 1.4089400471694190e-06 2.5399286628128967e-06 1.3517116873794488e-05</location_covariance>
        <orientation>1</orientation>
        <reference x="-83.580379730000004" y="31.4377636" z="71.219999999999999" yaw="0.40000000000000008" pitch="0.099999999999993788" roll="-0" enabled="true" rotation_enabled="false"/>
      </camera>
      <camera id="12" sensor_id="0" component_id="0" label="1_DJI_0013">
        <transform>-9.5439040858008761e-01 -2.7032670579196783e-01 -1.2673760352001348e-01 2.3150335084914953e+01 -2.4752823934500462e-01 9.5378149410189494e-01 -1.7038377926175541e-01 -7.8327696866007045e+01 1.6693926661242822e-01 -1.3124150884693198e-01 -9.7719340338465510e-01 1.0230057751710298e+01 0 0 0 1</transform>
        <rotation_covariance>1.3723203355100338e-09 -3.4695128450208800e-10 1.4414145176219422e-10 -3.4695128450208795e-10 2.8537894009719638e-09 -1.7756176612454880e-11 1.4414145176219420e-10 -1.7756176612455022e-11 3.8348734638490538e-10</rotation_covariance>
        <location_covariance>2.4954611254612702e-07 2.6686608554372564e-07 1.3964252822356085e-06 2.6686608554372564e-07 5.6153365386345939e-07 2.5173756920922687e-06 1.3964252822356085e-06 2.5173756920922687e-06 1.3438242388893366e-05</location_covariance>
        <orientation>1</orientation>
        <reference x="-83.580379960000002" y="31.437790199999998" z="71.219999999999999" yaw="359.19999999999999" pitch="0.099999999999993788" roll="-0" enabled="true" rotation_enabled="false"/>
      </camera>
      <camera id="13" sensor_id="0" component_id="0" label="1_DJI_0014">
        <transform>-9.5928263746281961e-01 -2.5250751565308177e-01 -1.2655740200037779e-01 2.3287596007400285e+01 -2.2974762505195484e-01 9.5821836210424838e-01 -1.7039248607036139e-01 -7.9379791725006186e+01 1.6429500980055020e-01 -1.3437829089909087e-01 -9.7721523969373103e-01 1.0409663709863285e+01 0 0 0 1</transform>
        <rotation_covariance>1.3571830931073271e-09 -3.5958570325334676e-10 1.3847147518760326e-10 -3.5958570325334681e-10 2.8641224692750621e-09 -2.8426916404053304e-11 1.3847147518760329e-10 -2.8426916404053246e-11 3.8071207614764720e-10</rotation_covariance>
        <location_covariance>2.5276700608081038e-07 2.7036312852956718e-07 1.4079781914925254e-06 2.7036312852956718e-07 5.7185211489201423e-07 2.5592553978967475e-06 1.4079781914925254e-06 2.5592553978967475e-06 1.3594080435982985e-05</location_covariance>
        <orientation>1</orientation>
        <reference x="-83.580380410000004" y="31.437816810000001" z="71.219999999999999" yaw="0.10000000000000001" pitch="0.099999999999993788" roll="-0" enabled="true" rotation_enabled="false"/>
      </camera>
      <camera id="14" sensor_id="0" component_id="0" label="1_DJI_0015">
        <transform>-9.5871585516301971e-01 -2.5442455368863898e-01 -1.2701202911289858e-01 2.3393144722825127e+01 -2.3158123460551475e-01 9.5775677323322639e-01 -1.7050541077767406e-01 -8.0458804037205780e+01 1.6502739420358217e-01 -1.3405263819192326e-01 -9.7713655614563955e-01 1.0581975336904346e+01 0 0 0 1</transform>
        <rotation_covariance>1.3840633126067504e-09 -3.8012752766852162e-10 1.2751925451193948e-10 -3.8012752766852177e-10 2.8587961724637974e-09 -2.9835379185494760e-11 1.2751925451193946e-10 -2.9835379185494740e-11 3.6982028748447316e-10</rotation_covariance>
        <location_covariance>2.5704990601949491e-07 2.7457750943956301e-07 1.4212955570904298e-06 2.7457750943956301e-07 5.7626354179091551e-07 2.5764975438736585e-06 1.4212955570904298e-06 2.5764975438736585e-06 1.3633546840290531e-05</location_covariance>
        <orientation>1</orientation>
        <reference x="-83.580380120000001" y="31.43784338" z="71.219999999999999" yaw="0" pitch="0.099999999999993788" roll="-0" enabled="true" rotation_enabled="false"/>
      </camera>
      <camera id="15" sensor_id="0" component_id="0" label="1_DJI_0016">
        <transform>-9.5868861556480955e-01 -2.5455216076768855e-01 -1.2696194640493721e-01 2.3504704438475333e+01 -2.3168429228369519e-01 9.5769885022182044e-01 -1.7069065877430625e-01 -8.1519490222906981e+01 1.6504098610779258e-01 -1.3422410265039672e-01 -9.7711072206391392e-01 1.0761635886994576e+01 0 0 0 1</transform>
        <rotation_covariance>1.4300098746030508e-09 -3.9252611309503438e-10 1.1564889083407946e-10 -3.9252611309503448e-10 2.8500561083328165e-09 -2.7423348732746922e-11 1.1564889083407949e-10 -2.7423348732746935e-11 3.6224855754352025e-10</rotation_covariance>
        <location_covariance>2.6052906628533381e-07 2.7827780694358291e-07 1.4320246611980062e-06 2.7827780694358291e-07 5.8488675930371154e-07 2.6126759198662123e-06 1.4320246611980062e-06 2.6126759198662123e-06 1.3764857236735505e-05</location_covariance>
        <orientation>1</orientation>
        <reference x="-83.580379960000002" y="31.437870319999998" z="71.120000000000005" yaw="359.89999999999998" pitch="0.099999999999993788" roll="-0" enabled="true" rotation_enabled="false"/>
      </camera>
      <camera id="16" sensor_id="0" component_id="0" label="1_DJI_0017">
        <transform>9.9436565398531340e-01 -2.8177645118063723e-02 -1.0219083368854492e-01 -1.3689887265677996e+01 -4.6630111458120627e-02 -9.8201444739012667e-01 -1.8295698353019185e-01 -1.8885253373136631e+01 -9.5197578119207621e-02 1.8669131054407484e-01 -9.7779536493459274e-01 3.9337165481097367e+00 0 0 0 1</transform>
        <rotation_covariance>7.0543562610878779e-10 7.8326685841473048e-11 1.5395063786050982e-11 7.8326685841473061e-11 8.5659847400771419e-10 -1.1131876031915253e-11 1.5395063786050985e-11 -1.1131876031915257e-11 9.4026449028634507e-11</rotation_covariance>
        <location_covariance>3.1886578961168518e-07 3.3340145584520504e-07 2.1646164523622366e-06 3.3340145584520504e-07 4.6638292539513298e-07 2.7383473882344253e-06 2.1646164523622366e-06 2.7383473882344253e-06 1.7794881066524713e-05</location_covariance>
        <orientation>1</orientation>
        <reference x="-83.579519399999995" y="31.43627077" z="73.719999999999999" yaw="179.80000000000001" pitch="0.099999999999993788" roll="-0" enabled="true" rotation_enabled="false"/>
      </camera>
      <camera id="17" sensor_id="0" component_id="0" label="1_DJI_0018">
        <transform>9.9436710010455465e-01 -2.8660257763002947e-02 -1.0204244143794930e-01 -1.3786489645446634e+01 -4.7169537402027076e-02 -9.8181400960629372e-01 -1.8389204790336000e-01 -1.7862023769079435e+01 -9.4916305084731645e-02 1.8766949716395326e-01 -9.7763544067473895e-01 3.7470382605815664e+00 0 0 0 1</transform>
        <rotation_covariance>7.0353946687463997e-10 7.1819920684559239e-11 1.4224057485981677e-11 7.1819920684559239e-11 8.6712630115563640e-10 -1.0377734947195825e-11 1.4224057485981677e-11 -1.0377734947195813e-11 9.9037558721172816e-11</rotation_covariance>
        <location_covariance>3.2057217311484873e-07 3.3819372675109916e-07 2.1743601674544382e-06 3.3819372675109916e-07 4.7815148126214484e-07 2.7813563870821720e-06 2.1743601674544382e-06 2.7813563870821720e-06 1.7897317592657016e-05</location_covariance>
        <orientation>1</orientation>
        <reference x="-83.5795198" y="31.43624406" z="73.620000000000005" yaw="179.90000000000001" pitch="0.099999999999993788" roll="-0" enabled="true" rotation_enabled="false"/>
      </camera>
      <camera id="18" sensor_id="0" component_id="0" label="1_DJI_0019">
        <transform>9.9373528741226202e-01 -4.5234512174484057e-02 -1.0219597575249745e-01 -1.3919181440185302e+01 -6.3565698187828548e-02 -9.8088010417194482e-01 -1.8393918357307243e-01 -1.6775594668423437e+01 -9.1921600103362436e-02 1.8928301600505787e-01 -9.7761053558483424e-01 3.5901702130970294e+00 0 0 0 1</transform>
        <rotation_covariance>7.8511134594359055e-10 6.9089906127175311e-11 7.0135877217837466e-12 6.9089906127175337e-11 8.8870924009284084e-10 -1.2121130218052124e-11 7.0135877217837514e-12 -1.2121130218052169e-11 1.1037776669630831e-10</rotation_covariance>
        <location_covariance>3.3026208260003097e-07 3.4592807622004596e-07 2.2347448266584696e-06 3.4592807622004596e-07 4.8720715807439617e-07 2.8389315281650368e-06 2.2347448266584696e-06 2.8389315281650368e-06 1.8360621676190578e-05</location_covariance>
        <orientation>1</orientation>
        <reference x="-83.579519649999995" y="31.436218270000001" z="73.620000000000005" yaw="181.09999999999999" pitch="0.099999999999993788" roll="-0" enabled="true" rotation_enabled="false"/>
      </camera>
      <camera id="19" sensor_id="0" component_id="0" label="1_DJI_0020">
        <transform>-8.7494366926558853e-01 -4.6791107993697839e-01 -1.2463064183530104e-01 -1.4643132725365362e+01 -4.4436959495092471e-01 8.7813408062990383e-01 -1.7724615516119091e-01 -3.6145125008064866e+01 1.9237785396250695e-01 -9.9698333529123495e-02 -9.7624331167813705e-01 7.1046743040090252e+00 0 0 0 1</transform>
        <rotation_covariance>1.4052443339922996e-09 -4.9137030717888518e-10 1.1922130200687740e-11 -4.9137030717888508e-10 1.1725223930234966e-09 7.4831834478568498e-12 1.1922130200687731e-11 7.4831834478568498e-12 1.5477845793432681e-10</rotation_covariance>
        <location_covariance>2.7120449306346118e-07 2.8706549074001916e-07 1.7373167809978785e-06 2.8706549074001916e-07 4.3487884962819070e-07 2.3384677289906825e-06 1.7373167809978785e-06 2.3384677289906825e-06 1.4256602672876074e-05</location_covariance>
        <orientation>1</orientation>
        <reference x="-83.579439989999997" y="31.436694509999999" z="73.719999999999999" yaw="344.5" pitch="0.099999999999993788" roll="-0" enabled="true" rotation_enabled="false"/>
      </camera>
      <camera id="20" sensor_id="0" component_id="0" label="1_DJI_0021">
        <transform>-9.6286872980432192e-01 -2.3940728260308294e-01 -1.2477164021370840e-01 -1.4479285972603316e+01 -2.1598241894461423e-01 9.6039826882742640e-01 -1.7603056535759687e-01 -3.7135302956748589e+01 1.6197346656735073e-01 -1.4254584620356212e-01 -9.7644522522170474e-01 7.2263733230291400e+00 0 0 0 1</transform>
        <rotation_covariance>1.1253966510433881e-09 -4.7152533376939516e-10 1.4945339892565377e-11 -4.7152533376939516e-10 1.3685384244943968e-09 8.2534496237605287e-12 1.4945339892565371e-11 8.2534496237606047e-12 1.3643405981521163e-10</rotation_covariance>
        <location_covariance>2.6783870792438941e-07 2.8815828568532619e-07 1.7012545062700602e-06 2.8815828568532619e-07 4.3780105375131100e-07 2.3172801927451793e-06 1.7012545062700602e-06 2.3172801927451793e-06 1.3785057888724057e-05</location_covariance>
        <orientation>1</orientation>
        <reference x="-83.579441959999997" y="31.436718710000001" z="73.819999999999993" yaw="358.90000000000003" pitch="0.099999999999993788" roll="-0" enabled="true" rotation_enabled="false"/>
      </camera>
      <camera id="21" sensor_id="0" component_id="0" label="1_DJI_0022">
        <transform>-9.6564427532658614e-01 -2.2778951816644744e-01 -1.2507225488688503e-01 -1.4366624540079332e+01 -2.0434705127741948e-01 9.6293583285072648e-01 -1.7605926401726787e-01 -3.8230041088985523e+01 1.6054101084525374e-01 -1.4445247393373392e-01 -9.7640159084835987e-01 7.3735125362689180e+00 0 0 0 1</transform>
        <rotation_covariance>1.0771945720547739e-09 -4.6271081704029796e-10 1.6179909346797238e-11 -4.6271081704029801e-10 1.3586321102865577e-09 8.7803504937861931e-12 1.6179909346797228e-11 8.7803504937861592e-12 1.2976604858420910e-10</rotation_covariance>
        <location_covariance>2.6162524786613382e-07 2.8166180480302443e-07 1.6546096464072948e-06 2.8166180480302443e-07 4.2785713134858740e-07 2.2523950948822026e-06 1.6546096464072948e-06 2.2523950948822026e-06 1.3336700935656035e-05</location_covariance>
        <orientation>1</orientation>
        <reference x="-83.579442029999996" y="31.436745009999999" z="73.620000000000005" yaw="359.5" pitch="0.099999999999993788" roll="-0" enabled="true" rotation_enabled="false"/>
      </camera>
      <camera id="22" sensor_id="0" component_id="0" label="1_DJI_0023">
        <transform>-9.5923755527970966e-01 -2.5204293113500925e-01 -1.2781890863983850e-01 2.4315463159592678e+01 -2.2908985656276476e-01 9.5835432466812276e-01 -1.7051341885598970e-01 -8.9044735897175599e+01 1.6547250575566408e-01 -1.3428085959949476e-01 -9.7702993842776498e-01 1.1973029328111615e+01 0 0 0 1</transform>
        <rotation_covariance>2.1333779558497548e-09 -3.2961075169459404e-10 1.3099155535312747e-10 -3.2961075169459394e-10 2.8455477686347117e-09 -4.3210379695445526e-11 1.3099155535312744e-10 -4.3210379695445519e-11 4.1778555274445281e-10</rotation_covariance>
        <location_covariance>3.0303689168640521e-07 2.9647649438543647e-07 1.5072880037569933e-06 2.9647649438543647e-07 6.5095100981781618e-07 2.7820149643572106e-06 1.5072880037569933e-06 2.7820149643572106e-06 1.4428902942835303e-05</location_covariance>
        <orientation>1</orientation>
        <reference x="-83.580380140000003" y="31.438055779999999" z="71.219999999999999" yaw="359.39999999999998" pitch="0.099999999999993788" roll="-0" enabled="true" rotation_enabled="false"/>
      </camera>
      <camera id="23" sensor_id="0" component_id="0" label="1_DJI_0024">
        <transform>-9.6293424405796846e-01 -2.3759467430668987e-01 -1.2769656362489315e-01 2.4406700488342970e+01 -2.1473323150333329e-01 9.6173509553149905e-01 -1.7016240863115012e-01 -9.0105604495308711e+01 1.6323994887479074e-01 -1.3643451456327527e-01 -9.7710712940149980e-01 1.2140583642501101e+01 0 0 0 1</transform>
        <rotation_covariance>2.3239702599727619e-09 -3.0646961360933694e-10 1.4776019793705883e-10 -3.0646961360933710e-10 2.8840598101579818e-09 -7.2378869146055952e-11 1.4776019793705886e-10 -7.2378869146055978e-11 4.5440523436268774e-10</rotation_covariance>
        <location_covariance>3.1177915970436546e-07 2.9571775379211393e-07 1.5095211546904089e-06 2.9571775379211393e-07 6.6309079339551336e-07 2.7972705787094643e-06 1.5095211546904089e-06 2.7972705787094643e-06 1.4506682977336212e-05</location_covariance>
        <orientation>1</orientation>
        <reference x="-83.580379539999996" y="31.438082340000001" z="71.319999999999993" yaw="0.10000000000000001" pitch="0.099999999999993788" roll="-0" enabled="true" rotation_enabled="false"/>
      </camera>
      <camera id="24" sensor_id="0" component_id="0" label="1_DJI_0025">
        <transform>-9.6920756886099135e-01 -2.1206398225571363e-01 -1.2516211844010558e-01 -1.4033747045518663e+01 -1.8880910279822591e-01 9.6627534294423589e-01 -1.7510877853073942e-01 -4.1433188113012463e+01 1.5807533382250255e-01 -1.4608500623899395e-01 -9.7656098621082399e-01 8.0048389582019048e+00 0 0 0 1</transform>
