<?xml version="1.0" encoding="UTF-8"?>
<document version="1.5.0">
  <chunk label="Chunk 1" enabled="true">
    <sensors next_id="1">
      <sensor id="0" label="FC6310S (8.8mm)" type="frame">
        <resolution width="5472" height="3648"/>
        <property name="pixel_width" value="0.0024122807017543861"/>
        <property name="pixel_height" value="0.0024122807017543861"/>
        <property name="focal_length" value="8.8000000000000007"/>
        <property name="layer_index" value="0"/>
        <bands>
          <band label="Red"/>
          <band label="Green"/>
          <band label="Blue"/>
        </bands>
        <data_type>uint8</data_type>
        <calibration type="frame" class="adjusted">
          <resolution width="5472" height="3648"/>
          <f>3289.5163007994156</f>
          <cx>1.023089306370347</cx>
          <cy>-3.4767377603708742</cy>
          <k1>-0.0090974248367128637</k1>
          <k2>0.0022570422428232215</k2>
          <k3>0.0026970699609954515</k3>
          <p1>0.00081541772228567813</p1>
          <p2>-0.00080023746307634645</p2>
        </calibration>
        <covariance>
          <params>f cx cy k1 k2 k3 p1 p2</params>
          <coeffs>1.5250373556178749e+01 3.1688115337289358e-01 1.9995904118135571e-01 -8.8964634445853381e-05 4.2205998128779620e-05 7.4873498367636628e-05 3.5201425299894306e-06 -4.0398341667997841e-06 3.1688115337289358e-01 9.8840137908185483e-03 4.1220668059408693e-03 -1.8532336589035354e-06 8.9028373735309464e-07 1.5472995812304519e-06 7.1748849592416231e-08 -8.5398691519615392e-08 1.9995904118135571e-01 4.1220668059408693e-03 4.2694733463425208e-03 -1.1648264710026758e-06 5.4923658931383368e-07 9.8464513424776126e-07 4.6545236492305641e-08 -5.3998383966039486e-08 -8.8964634445853381e-05 -1.8532336589035354e-06 -1.1648264710026758e-06 5.4969009354402171e-10 -3.1378125509527061e-10 -3.9300038873281138e-10 -2.0560664493865063e-11 2.3576115048983326e-11 4.2205998128779620e-05 8.9028373735309464e-07 5.4923658931383368e-07 -3.1378125509527061e-10 2.8338330212934320e-10 9.3635804119730471e-11 9.7228976904423517e-12 -1.1164832406784968e-11 7.4873498367636628e-05 1.5472995812304519e-06 9.8464513424776126e-07 -3.9300038873281138e-10 9.3635804119730471e-11 4.4792185821395199e-10 1.7301452855156128e-11 -1.9847699356874013e-11 3.5201425299894306e-06 7.1748849592416231e-08 4.6545236492305641e-08 -2.0560664493865063e-11 9.7228976904423517e-12 1.7301452855156128e-11 1.0644843362462541e-12 -9.5005439538648807e-13 -4.0398341667997841e-06 -8.5398691519615392e-08 -5.3998383966039486e-08 2.3576115048983326e-11 -1.1164832406784968e-11 -1.9847699356874013e-11 -9.5005439538648807e-13 1.5188480186802931e-12</coeffs>
        </covariance>
        <meta>
          <property name="Exif/BodySerialNumber" value="91729d101b4029bd904de8ef6494c684"/>
          <property name="Exif/Make" value="DJI"/>
          <property name="Exif/Model" value="FC6310S"/>
          <property name="Exif/Software" value="v01.08.1719"/>
        </meta>
      </sensor>
    </sensors>
    <components next_id="1" active_id="0">
      <component id="0" label="Component 1">
        <transform>
          <rotation locked="true">9.5151238733920562e-01 -2.9742486052223910e-01 -7.8502414506639390e-02 8.6230088802319652e-02 5.0286698735593471e-01 -8.6005183844504973e-01 2.9527707077453480e-01 8.1158070786021819e-01 5.0413113978796975e-01</rotation>
          <translation locked="true">6.0908434030672070e+05 -5.4128800004893243e+06 3.3072502450639582e+06</translation>
          <scale locked="true">2.8336871201310854e+00</scale>
        </transform>
        <region>
          <center>3.7361508676078445e+00 4.7942995700291824e+01 -5.4143378399461648e+00</center>
          <size>1.3632455278507831e+02 7.1813586347786611e+01 2.1446513376557164e+01</size>
          <R>-3.0395338112312059e-01 -9.5241953759795928e-01 2.2569149419345149e-02 9.3709225986616373e-01 -3.0316284674968302e-01 -1.7306179488712839e-01 1.7166956224895921e-01 -3.1453342466547442e-02 9.8465234912883493e-01</R>
        </region>
        <partition>
          <camera_ids>736 737</camera_ids>
          <partition>
            <partition>
              <partition>
                <camera_ids>186 187 189 191 309 470 471 472 473 474 475 476 477 478 479 480 481 482 483 484 485 486 487 488 489 490 491 492 493 494 661 662 663 664 665 666 667 668 669 670 671 672 673 674 675 676 677 678 942 945 947 1079 1080 1081 1082 1083 1084 1085 1086 1087 1088 1089 1090 1091 1092 1093 1094 1095 1096 1097 1098 1099 1100 1101 1102 1103 1104 1105 1106 1107 1108 1109 1110 1111 1112 1113 1114 1115 1116 1117 1118 1119 1120 1121 1122 1123 1124 1125 1126 1127 1128 1129 1130 1131 1132 1133 1134 1135 1136 1137 1138 1139 1140 1141 1142 1143 1144 1145 1146 1147 1148 1149 1150 1294 1295 1296 1297 1298 1299 1300 1301 1302 1303 1304 1305 1306 1307</camera_ids>
              </partition>
              <partition>
                <camera_ids>448 449 450 451 452 453 454 455 456 457 458 459 460 461 462 463 464 465 466 467 468 469 495 496 497 498 499 500 501 502 503 504 505 506 507 508 509 510 511 512 513 514 515 516 517 518 519 520 521 522 523 524 525 526 527 528 626 627 628 629 630 631 632 633 634 635 636 637 638 639 640 641 642 643 644 645 646 647 648 649 650 651 652 653 654 655 656 657 658 659 660 679 680 681 682 683 684 685 686 687 688 689 690 691 692 693 694 695 696 697 698 699 700 701 702 703 704 705 706 707 708 709 710 711 712</camera_ids>
              </partition>
              <partition>
                <camera_ids>310 311 312 313 314 315 316 317 318 319 320 321 322 323 324 325 326 327 328 329 330 331 332 333 334 335 336 337 338 1257 1258 1259 1260 1261 1262 1263 1264 1265 1266 1267 1268 1269 1270 1271 1272 1273 1274 1275 1276 1277 1278 1279 1280 1281 1282 1283 1284 1285 1286 1287 1288 1289 1290 1291 1292 1293</camera_ids>
              </partition>
            </partition>
            <partition>
              <partition>
                <camera_ids>2 6 7 9 10 12 13 15 17 26 29 30 31 32 34 36 37 162 164 167 168 169 171 172 173 178 179 181 182 184 757 758 760 761 762 765 768 771 773 775 776 777 778 779 780 781 782 784 785 790 792 795 917 918 920 922 923 927 931 932 933 934 937 940</camera_ids>
              </partition>
              <partition>
                <camera_ids>39 40 44 50 57 59 134 136 137 139 143 145 146 148 149 150 152 154 157 158 192 193 196 200 201 206 210 798 799 800 802 803 804 805 806 808 809 810 811 812 813 815 892 895 897 898 899 901 904 908 910 912 913 916 951 952 954 955 956 959 960 961 962 964 965 966</camera_ids>
              </partition>
            </partition>
            <partition>
              <partition>
                <camera_ids>135 138 140 141 142 144 147 151 153 155 156 159 160 161 190 194 195 197 198 199 202 203 204 205 207 208 209 212 213 215 216 217 219 223 224 232 233 240 243 266 267 268 269 270 271 274 275 276 280 281 282 284 285 287 288 291 293 294 295 299 300 303 304 305 306 307 893 894 896 900 902 903 905 906 907 909 911 914 915 919 948 949 950 953 957 958 963 967 968 971 975 977 978 979 982 983 984 985 986 987 988 991 992 993 994 995 996 998 999 1018 1019 1020 1021 1022 1029 1030 1034 1035 1036 1040 1043 1046 1047 1049 1053 1054 1055 1058 1059 1065</camera_ids>
              </partition>
              <partition>
                <camera_ids>53 54 55 56 58 64 65 67 68 70 71 72 74 75 76 77 79 80 82 83 84 85 89 94 98 101 102 103 106 108 109 110 111 113 114 115 116 117 123 124 125 128 130 131 133 247 249 251 253 254 257 259 814 816 817 818 819 820 823 826 830 835 838 843 844 845 847 848 849 850 852 853 854 856 857 861 862 864 869 875 876 877 878 879 883 884 886 889 891 1001 1002 1003 1005 1007 1009 1012 1013 1015 1017</camera_ids>
              </partition>
              <partition>
                <camera_ids>5 8 11 14 16 18 19 20 21 22 23 24 25 27 28 33 35 38 41 42 43 45 46 47 48 49 51 52 163 165 166 170 174 175 176 177 180 183 185 188 713 714 715 716 717 718 719 720 721 722 723 724 725 726 727 728 729 730 731 732 733 734 735 763 764 766 767 769 770 772 774 783 786 787 788 789 791 793 794 796 797 801 807 921 924 925 926 928 929 930 935 936 938 939 941 943 944 946</camera_ids>
              </partition>
            </partition>
          </partition>
          <partition>
            <partition>
              <partition>
                <camera_ids>0 1 3 4 394 395 396 397 398 399 400 401 402 403 404 405 406 407 408 409 529 530 531 532 533 534 535 536 537 538 539 540 541 542 543 544 545 546 547 548 549 550 551 552 553 554 555 556 557 558 559 560 561 562 563 564 565 566 567 568 569 570 571 572 573 574 575 576 577 578 579 580 581 582 583 584 585 586 587 588 589 590 591 592 593 594 595 596 597 598 599 600 601 602 603 604 605 606 607 608 609 610 611 612 613 614 615 616 617 618 619 620 621 622 623 624 625 738 739 740 741 742 743 744 745 746 747 748 749 750 751 752 753 754 755 756 759</camera_ids>
              </partition>
              <partition>
                <camera_ids>339 340 341 342 343 344 345 346 347 348 349 350 351 352 353 354 355 356 357 358 359 428 429 430 431 432 433 434 435 436 437 438 439 440 441 442 443 444 445 446 447 1151 1152 1153 1154 1155 1156 1157 1158 1159 1160 1161 1162 1163 1164 1165 1166 1167 1168 1169 1170 1171 1172 1173 1174 1175 1176 1177 1178 1179 1180 1181 1182 1226 1227 1228 1229 1230 1231 1232 1233 1234 1235 1236 1237 1238 1239 1240 1241 1242 1243 1244 1245 1246 1247 1248 1249 1250 1251 1252 1253 1254 1255 1256</camera_ids>
              </partition>
              <partition>
                <camera_ids>360 361 362 363 364 365 366 367 368 369 370 371 372 373 374 375 376 377 378 379 380 381 382 383 384 385 386 387 388 389 390 391 392 393 410 411 412 413 414 415 416 417 418 419 420 421 422 423 424 425 426 427 1209 1210 1211 1212 1213 1214 1215 1216 1217 1218 1219 1220 1221 1222 1223 1224 1225</camera_ids>
              </partition>
            </partition>
            <partition>
              <partition>
                <camera_ids>60 61 62 63 66 69 73 78 81 104 105 107 112 118 119 120 121 122 126 127 129 132 821 822 824 825 827 828 829 831 832 833 834 836 837 839 840 863 865 866 867 868 870 871 872 873 874 880 881 882 885 887 888 890</camera_ids>
              </partition>
              <partition>
                <camera_ids>211 214 218 220 221 222 225 226 227 228 229 230 231 234 235 236 237 238 239 241 242 244 245 246 248 250 289 290 292 296 297 298 301 302 308 969 970 972 973 974 976 980 981 989 990 997 1000 1004 1006 1044 1045 1048 1050 1051 1052 1056 1057 1060 1061 1062 1063 1064 1066 1067 1068 1069 1070 1071 1072 1073 1074 1075 1076 1077 1078</camera_ids>
              </partition>
              <partition>
                <camera_ids>86 87 88 90 91 92 93 95 96 97 99 100 252 255 256 258 260 261 262 263 264 265 272 273 277 278 279 283 286 841 842 846 851 855 858 859 860 1008 1010 1011 1014 1016 1023 1024 1025 1026 1027 1028 1031 1032 1033 1037 1038 1039 1041 1042 1183 1184 1185 1186 1187 1188 1189 1190 1191 1192 1193 1194 1195 1196 1197 1198 1199 1200 1201 1202 1203 1204 1205 1206 1207 1208</camera_ids>
              </partition>
            </partition>
          </partition>
        </partition>
      </component>
    </components>
    <cameras next_id="1308" next_group_id="0">
      <camera id="0" sensor_id="0" component_id="0" label="1_DJI_0449">
        <transform>9.7409432924539430e-01 -1.5772404606043147e-01 -1.6205975140759904e-01 2.2485371615606319e+01 -1.5708411685180398e-01 -9.8744169730709919e-01 1.6836705502094595e-02 8.8635516316220517e+01 -1.6268010930920443e-01 9.0564735743204339e-03 -9.8663730028898800e-01 -3.2991236337850620e+00 0 0 0 1</transform>
        <rotation_covariance>2.7790080559186168e-09 -6.5860814591494145e-10 2.8722166627485752e-10 -6.5860814591494124e-10 4.4270809412182890e-09 -1.4437152303824368e-10 2.8722166627485763e-10 -1.4437152303824358e-10 5.0197727846545034e-10</rotation_covariance>
        <location_covariance>6.3981777194964102e-07 -1.1514356656640171e-07 2.9885751012431093e-06 -1.1514356656640171e-07 1.1991301657034519e-07 -5.9498344472273234e-07 2.9885751012431093e-06 -5.9498344472273234e-07 1.7576888433110550e-05</location_covariance>
        <orientation>1</orientation>
        <reference x="-83.579754030000004" y="31.437990899999999" z="64.730000000000004" yaw="0" pitch="0.099999999999993788" roll="-0" enabled="true" rotation_enabled="false"/>
      </camera>
      <camera id="1" sensor_id="0" component_id="0" label="1_DJI_0450">
        <transform>9.7544923583137111e-01 -1.4895388117073577e-01 -1.6220829078739779e-01 2.2716781717075630e+01 -1.4817134381652364e-01 -9.8881591937315250e-01 1.6980296399987493e-02 8.9694819684269447e+01 -1.6292342123709616e-01 7.4712032765926750e-03 -9.8661042967019119e-01 -3.3258541820064025e+00 0 0 0 1</transform>
        <rotation_covariance>4.0308367548110585e-09 -8.9124563287252527e-10 3.7268292702208706e-10 -8.9124563287252547e-10 4.6299844926055338e-09 -2.2635262340011829e-10 3.7268292702208700e-10 -2.2635262340011835e-10 5.8391242396723611e-10</rotation_covariance>
        <location_covariance>6.5119233604878883e-07 -1.1858980007587621e-07 2.9873037564219023e-06 -1.1858980007587621e-07 1.4253416195578737e-07 -6.1522290930689766e-07 2.9873037564219023e-06 -6.1522290930689766e-07 1.7539819868093899e-05</location_covariance>
        <orientation>1</orientation>
        <reference x="-83.579755140000003" y="31.438018" z="64.629999999999995" yaw="0" pitch="0.099999999999993788" roll="-0" enabled="true" rotation_enabled="false"/>
      </camera>
      <camera id="2" sensor_id="0" component_id="0" label="1_DJI_0451">
        <transform>-9.6408220069834782e-01 1.9421393104770690e-01 -1.8118073651364594e-01 -2.2374677408665967e+01 1.8984248823758187e-01 9.8094402983883666e-01 4.1335698655123598e-02 2.3375957839154893e+01 1.8575613033327928e-01 5.4552094863669319e-03 -9.8258073496943021e-01 2.3864959478180188e+00 0 0 0 1</transform>
        <rotation_covariance>1.0969822249668294e-09 6.1255569652540703e-10 1.1539920981059961e-11 6.1255569652540703e-10 1.8950337901547534e-09 3.4448926294108624e-11 1.1539920981060013e-11 3.4448926294108631e-11 2.3273337726648010e-10</rotation_covariance>
        <location_covariance>1.0211863293539803e-06 -6.6460400003669105e-08 4.9209899774017523e-06 -6.6460400003669105e-08 6.2759297957533191e-08 -3.3551161665328237e-07 4.9209899774017523e-06 -3.3551161665328237e-07 2.5477033560494146e-05</location_covariance>
        <orientation>1</orientation>
        <reference x="-83.580615679999994" y="31.436122470000001" z="61.469999999999999" yaw="179.80000000000001" pitch="0.099999999999993788" roll="-0" enabled="true" rotation_enabled="false"/>
      </camera>
      <camera id="3" sensor_id="0" component_id="0" label="1_DJI_0452">
        <transform>9.7659604338633077e-01 -1.4123918818824524e-01 -1.6220869200535912e-01 2.3247122902233631e+01 -1.4032875281457907e-01 -9.8995702616317904e-01 1.7115124412622723e-02 9.1702217195964593e+01 -1.6299696063322403e-01 6.0479806613640795e-03 -9.8660803400045904e-01 -3.3330656162865409e+00 0 0 0 1</transform>
        <rotation_covariance>7.2725038364186463e-09 -1.2650388619086921e-09 7.2192266725165295e-10 -1.2650388619086923e-09 5.4715581545649682e-09 -5.0922667779285300e-10 7.2192266725165315e-10 -5.0922667779285300e-10 1.0936893703638346e-09</rotation_covariance>
        <location_covariance>7.0382989666352301e-07 -1.3578934746026700e-07 3.0745315765564525e-06 -1.3578934746026700e-07 2.0764213628796951e-07 -6.9725339722818953e-07 3.0745315765564525e-06 -6.9725339722818953e-07 1.8094859031093258e-05</location_covariance>
        <orientation>1</orientation>
        <reference x="-83.579754910000005" y="31.438069680000002" z="64.629999999999995" yaw="0.10000000000000001" pitch="0.099999999999993788" roll="-0" enabled="true" rotation_enabled="false"/>
      </camera>
      <camera id="4" sensor_id="0" component_id="0" label="1_DJI_0453">
        <transform>9.7729797850798406e-01 -1.3639280115095470e-01 -1.6212854467490745e-01 2.3513803177537881e+01 -1.3540283712747886e-01 -9.9064144847883262e-01 1.7192796561058654e-02 9.2753176463537002e+01 -1.6295623001909668e-01 5.1501796043100234e-03 -9.8661985726418799e-01 -3.3254953921026047e+00 0 0 0 1</transform>
        <rotation_covariance>1.0839338213156176e-08 -8.8325620125003796e-10 1.1823184018244546e-09 -8.8325620125003796e-10 6.0600403333475364e-09 -6.1350679830529562e-10 1.1823184018244548e-09 -6.1350679830529573e-10 1.7767303775975821e-09</rotation_covariance>
        <location_covariance>7.4735637667102900e-07 -1.3801047337748492e-07 3.1366967152969499e-06 -1.3801047337748492e-07 2.8093784554317697e-07 -7.6190475212959831e-07 3.1366967152969499e-06 -7.6190475212959831e-07 1.8514464374977632e-05</location_covariance>
        <orientation>1</orientation>
        <reference x="-83.579754969999996" y="31.438096989999998" z="64.629999999999995" yaw="0.20000000000000001" pitch="0.099999999999993788" roll="-0" enabled="true" rotation_enabled="false"/>
      </camera>
      <camera id="5" sensor_id="0" component_id="0" label="1_DJI_0454">
        <transform>-9.6296506409608229e-01 -1.9974467679533853e-01 -1.8110866744127244e-01 2.6043974398667753e+01 -2.0827074407547294e-01 9.7763666126066096e-01 2.9152285010898393e-02 9.1911368209449790e+01 1.7123545921530545e-01 6.5792268930578324e-02 -9.8303092263483294e-01 -3.7999847812905854e+00 0 0 0 1</transform>
        <rotation_covariance>7.9510670598781613e-09 1.1011360031581011e-09 -8.7756171013880068e-10 1.1011360031581005e-09 6.1244845713209407e-09 1.9799067846708097e-10 -8.7756171013880089e-10 1.9799067846708087e-10 2.2220823364814668e-09</rotation_covariance>
        <location_covariance>7.0180121728562583e-07 -1.2227999963968037e-07 2.9877623562737270e-06 -1.2227999963968037e-07 2.2408790264294849e-07 -7.3227182422283841e-07 2.9877623562737270e-06 -7.3227182422283841e-07 1.8346999615596176e-05</location_covariance>
        <orientation>1</orientation>
        <reference x="-83.579673049999997" y="31.438091889999999" z="64.730000000000004" yaw="160.80000000000001" pitch="0.099999999999993788" roll="-0" enabled="true" rotation_enabled="false"/>
      </camera>
      <camera id="6" sensor_id="0" component_id="0" label="1_DJI_0455">
        <transform>-9.5480760748283933e-01 2.3683744703956117e-01 -1.7958412060279644e-01 -2.3290185996964258e+01 2.3223092457792444e-01 9.7154538035814020e-01 4.6565776858532693e-02 1.9432298476566810e+01 1.8550264246791479e-01 2.7563716257745785e-03 -9.8263989948143304e-01 2.1877751341979472e+00 0 0 0 1</transform>
        <rotation_covariance>8.7346190065732526e-10 5.2324959942680385e-10 4.6377423820494917e-11 5.2324959942680385e-10 1.6440381504976754e-09 4.7493761198765429e-11 4.6377423820494936e-11 4.7493761198765441e-11 1.9474315065370364e-10</rotation_covariance>
        <location_covariance>9.4112337716112025e-07 -9.6876896500570314e-08 4.5870280668055887e-06 -9.6876896500570314e-08 6.6370718548523266e-08 -5.0076958456546779e-07 4.5870280668055887e-06 -5.0076958456546779e-07 2.4025361972449432e-05</location_covariance>
        <orientation>1</orientation>
        <reference x="-83.580614530000005" y="31.43601906" z="61.270000000000003" yaw="180.19999999999999" pitch="0.099999999999993788" roll="-0" enabled="true" rotation_enabled="false"/>
      </camera>
      <camera id="7" sensor_id="0" component_id="0" label="1_DJI_0456">
        <transform>-9.5554861047387019e-01 2.3392646182724511e-01 -1.7945824995926307e-01 -2.3539182065508623e+01 2.2934083581427128e-01 9.7224973616033905e-01 4.6186919838452134e-02 1.8458511151032877e+01 1.8528257891519731e-01 2.9767420342773909e-03 -9.8268077469613446e-01 2.2255072556601605e+00 0 0 0 1</transform>
        <rotation_covariance>8.6845408337300701e-10 5.2827743290063257e-10 4.5628422052662152e-11 5.2827743290063257e-10 1.5982754032907124e-09 3.9497283535402715e-11 4.5628422052662126e-11 3.9497283535402734e-11 1.8355711008806106e-10</rotation_covariance>
        <location_covariance>9.6082727488240972e-07 -9.3337059685868332e-08 4.6956564754899192e-06 -9.3337059685868332e-08 6.5513199705477482e-08 -4.8219223055657200e-07 4.6956564754899192e-06 -4.8219223055657200e-07 2.4634263846689690e-05</location_covariance>
        <orientation>1</orientation>
        <reference x="-83.580614920000002" y="31.43599317" z="61.369999999999997" yaw="180.09999999999999" pitch="0.099999999999993788" roll="-0" enabled="true" rotation_enabled="false"/>
      </camera>
      <camera id="8" sensor_id="0" component_id="0" label="1_DJI_0457">
        <transform>-9.7551763714348483e-01 1.2826468645272834e-01 -1.7864352725798865e-01 2.5278533299618307e+01 1.2380538704950476e-01 9.9165553680936325e-01 3.5937758038811496e-02 8.8861173551187917e+01 1.8176238818720103e-01 1.2940885770191979e-02 -9.8325732527958731e-01 -3.7669935732529858e+00 0 0 0 1</transform>
        <rotation_covariance>2.8343113052763633e-09 -3.7350889656541659e-10 2.3684822681152173e-10 -3.7350889656541659e-10 4.0018739379491303e-09 1.4861921068349135e-10 2.3684822681152168e-10 1.4861921068349132e-10 5.6258793774623593e-10</rotation_covariance>
        <location_covariance>6.2056513991348522e-07 -1.2803169362434051e-07 2.9219411239536436e-06 -1.2803169362434051e-07 1.2209712873617309e-07 -7.1736613913604429e-07 2.9219411239536436e-06 -7.1736613913604429e-07 1.7760345488772644e-05</location_covariance>
        <orientation>1</orientation>
        <reference x="-83.579675300000005" y="31.43801071" z="64.629999999999995" yaw="179.49999999999997" pitch="0.099999999999993788" roll="-0" enabled="true" rotation_enabled="false"/>
      </camera>
      <camera id="9" sensor_id="0" component_id="0" label="1_DJI_0458">
        <transform>-9.5748977388138834e-01 2.2581110802111529e-01 -1.7950675866619570e-01 -2.4051971662488988e+01 2.2110648646307143e-01 9.7416108854712691e-01 4.6066204582443593e-02 1.6518964772896478e+01 1.8527076012291666e-01 4.4178111041600077e-03 -9.8267758109591785e-01 2.2557518561007792e+00 0 0 0 1</transform>
        <rotation_covariance>8.9529798116709528e-10 5.5185578437641029e-10 4.1330753571593218e-11 5.5185578437641039e-10 1.5773833874901332e-09 3.1919427791577909e-11 4.1330753571593238e-11 3.1919427791577903e-11 1.6870292523234738e-10</rotation_covariance>
        <location_covariance>9.8781542346982486e-07 -9.0693163377813778e-08 4.8275671331603360e-06 -9.0693163377813778e-08 6.5921433764161713e-08 -4.6798176616355315e-07 4.8275671331603360e-06 -4.6798176616355315e-07 2.5329993247677449e-05</location_covariance>
        <orientation>1</orientation>
        <reference x="-83.580615750000007" y="31.435941339999999" z="61.369999999999997" yaw="179.69999999999996" pitch="0.099999999999993788" roll="-0" enabled="true" rotation_enabled="false"/>
      </camera>
      <camera id="10" sensor_id="0" component_id="0" label="1_DJI_0459">
        <transform>-9.5632229597785900e-01 2.3094247819848565e-01 -1.7920166846092336e-01 -2.4280757422983427e+01 2.2638505337505282e-01 9.7296215030255162e-01 4.5765289106592999e-02 1.5525687708930127e+01 1.8492558996529160e-01 3.1977870750830029e-03 -9.8274732273042154e-01 2.2842009531045480e+00 0 0 0 1</transform>
        <rotation_covariance>9.6140025658414870e-10 5.8147129407821861e-10 4.2922221658164919e-11 5.8147129407821871e-10 1.5400736560650419e-09 3.4499118564840700e-11 4.2922221658164893e-11 3.4499118564840693e-11 1.6483481477478370e-10</rotation_covariance>
        <location_covariance>1.0051721215183974e-06 -8.5958002837800555e-08 4.9246157001519518e-06 -8.5958002837800555e-08 6.6471173763467343e-08 -4.4668356805879023e-07 4.9246157001519518e-06 -4.4668356805879023e-07 2.5919243871146629e-05</location_covariance>
        <orientation>1</orientation>
        <reference x="-83.580615409999993" y="31.435915250000001" z="61.369999999999997" yaw="180.19999999999999" pitch="0.099999999999993788" roll="-0" enabled="true" rotation_enabled="false"/>
      </camera>
      <camera id="11" sensor_id="0" component_id="0" label="1_DJI_0460">
        <transform>-9.7443262629741167e-01 1.3581482504286296e-01 -1.7898432921824670e-01 2.4513738410014447e+01 1.3096715800127146e-01 9.9063169990677724e-01 3.8683829501203637e-02 8.5741347654645466e+01 1.8256138784583997e-01 1.4253716651621562e-02 -9.8309113068393406e-01 -3.7270862130418054e+00 0 0 0 1</transform>
        <rotation_covariance>2.0657318909409969e-09 -4.5948645869715107e-10 1.8902936631789159e-10 -4.5948645869715112e-10 3.4308050155047587e-09 1.1518680651206207e-10 1.8902936631789164e-10 1.1518680651206210e-10 4.3329874559973059e-10</rotation_covariance>
        <location_covariance>5.9390768287854984e-07 -1.3392667380814340e-07 2.8928241887397627e-06 -1.3392667380814340e-07 1.0718863751290836e-07 -7.5748204178608577e-07 2.8928241887397627e-06 -7.5748204178608577e-07 1.7365891035327069e-05</location_covariance>
        <orientation>1</orientation>
        <reference x="-83.579675730000005" y="31.437930730000001" z="64.629999999999995" yaw="179.59999999999997" pitch="0.099999999999993788" roll="-0" enabled="true" rotation_enabled="false"/>
      </camera>
      <camera id="12" sensor_id="0" component_id="0" label="1_DJI_0461">
        <transform>-9.5712624862245810e-01 2.2707762132311807e-01 -1.7984743004039908e-01 -2.4756009648906549e+01 2.2244470359600349e-01 9.7386914674904879e-01 4.5795620449627761e-02 1.3591238968269819e+01 1.8554702379717045e-01 3.8260821364507480e-03 -9.8262793724557684e-01 2.3154524830998011e+00 0 0 0 1</transform>
        <rotation_covariance>9.9470590543788670e-10 6.7383498460292902e-10 3.8520492083966315e-11 6.7383498460292892e-10 1.5451860987691721e-09 4.0281686523205418e-11 3.8520492083966328e-11 4.0281686523205444e-11 1.5551173392455916e-10</rotation_covariance>
        <location_covariance>1.0504349468519200e-06 -8.3792830120953373e-08 5.1134678228561790e-06 -8.3792830120953373e-08 6.7794198422759301e-08 -4.3738103649020075e-07 5.1134678228561790e-06 -4.3738103649020075e-07 2.6742684704823359e-05</location_covariance>
        <orientation>1</orientation>
        <reference x="-83.580615469999998" y="31.43586393" z="61.369999999999997" yaw="179.90000000000001" pitch="0.099999999999993788" roll="-0" enabled="true" rotation_enabled="false"/>
      </camera>
      <camera id="13" sensor_id="0" component_id="0" label="1_DJI_0462">
        <transform>-9.5733806247898601e-01 2.2639970349040381e-01 -1.7957452043215333e-01 -2.4989725468998643e+01 2.2169813400963295e-01 9.7402488269148568e-01 4.6102768620600865e-02 1.2621538788455121e+01 1.8534770434409861e-01 4.3245990906802256e-03 -9.8266348580634544e-01 2.3238925596298028e+00 0 0 0 1</transform>
        <rotation_covariance>1.0382526014467974e-09 6.8860702429528166e-10 4.1373941334722049e-11 6.8860702429528166e-10 1.5293548712702780e-09 4.2191363353440553e-11 4.1373941334722042e-11 4.2191363353440553e-11 1.5492816620539504e-10</rotation_covariance>
        <location_covariance>1.0589710326847208e-06 -8.5273463559322706e-08 5.1648275968019037e-06 -8.5273463559322706e-08 7.0456656577633605e-08 -4.4983633819205701e-07 5.1648275968019037e-06 -4.4983633819205701e-07 2.7100992207640479e-05</location_covariance>
        <orientation>1</orientation>
        <reference x="-83.58061515" y="31.435838180000001" z="61.369999999999997" yaw="179.90000000000001" pitch="0.099999999999993788" roll="-0" enabled="true" rotation_enabled="false"/>
      </camera>
      <camera id="14" sensor_id="0" component_id="0" label="1_DJI_0463">
        <transform>-9.7300785682356006e-01 1.4631989717617197e-01 -1.7845503145043784e-01 2.3779774066723888e+01 1.4148040535953846e-01 9.8914787299777118e-01 3.9620452335711542e-02 8.2670562076323819e+01 1.8231567529678563e-01 1.3303121225493708e-02 -9.8315005035179492e-01 -3.6842844545618245e+00 0 0 0 1</transform>
        <rotation_covariance>1.7557994182801277e-09 -4.0838190266649593e-10 1.2005745313080139e-10 -4.0838190266649599e-10 2.9100730459070398e-09 9.8219030632529511e-11 1.2005745313080142e-10 9.8219030632529473e-11 2.9431995095958871e-10</rotation_covariance>
        <location_covariance>5.6738586036301123e-07 -1.2935628911712197e-07 2.8526306839249647e-06 -1.2935628911712197e-07 9.1784057402943213e-08 -7.3620735704982189e-07 2.8526306839249647e-06 -7.3620735704982189e-07 1.7124006096681940e-05</location_covariance>
        <orientation>1</orientation>
        <reference x="-83.579675600000002" y="31.437849870000001" z="64.629999999999995" yaw="179.59999999999997" pitch="0.099999999999993788" roll="-0" enabled="true" rotation_enabled="false"/>
      </camera>
      <camera id="15" sensor_id="0" component_id="0" label="1_DJI_0464">
        <transform>-9.5680372248100776e-01 2.2853447624036852e-01 -1.7971819556190743e-01 -2.5475950307873777e+01 2.2387789228074262e-01 9.7352827006167220e-01 4.6058622848060282e-02 1.0653656805514474e+01 1.8548672727292323e-01 3.8341309664749468e-03 -9.8263928958968050e-01 2.3166284268771742e+00 0 0 0 1</transform>
        <rotation_covariance>1.1943402281300300e-09 7.2117094190833344e-10 4.7820954964952213e-11 7.2117094190833344e-10 1.5459799712922887e-09 3.4337948252454992e-11 4.7820954964952226e-11 3.4337948252455018e-11 1.6383014102351216e-10</rotation_covariance>
        <location_covariance>1.0823515220488248e-06 -8.1172645599346568e-08 5.2545703380043887e-06 -8.1172645599346568e-08 7.5939778966046548e-08 -4.2949648782862580e-07 5.2545703380043887e-06 -4.2949648782862580e-07 2.7526106438800096e-05</location_covariance>
        <orientation>1</orientation>
        <reference x="-83.580614999999995" y="31.435786759999999" z="61.369999999999997" yaw="180.09999999999999" pitch="0.099999999999993788" roll="-0" enabled="true" rotation_enabled="false"/>
      </camera>
      <camera id="16" sensor_id="0" component_id="0" label="1_DJI_0465">
        <transform>-9.7057864795502979e-01 1.6136041948699334e-01 -1.7871738347672794e-01 2.3298796477672376e+01 1.5675775020800978e-01 9.8683973572650063e-01 3.9678000717947914e-02 8.0655618631250761e+01 1.8276787432015926e-01 1.0495285333510795e-02 -9.8310007278112754e-01 -3.6523496963150737e+00 0 0 0 1</transform>
        <rotation_covariance>1.6303109047864434e-09 -3.4795855139882726e-10 1.0647747342162162e-10 -3.4795855139882731e-10 2.5735005404638227e-09 9.0359318639643057e-11 1.0647747342162162e-10 9.0359318639643057e-11 2.3656704307837327e-10</rotation_covariance>
        <location_covariance>5.6117038544522917e-07 -1.2350143639456119e-07 2.8591876127265066e-06 -1.2350143639456119e-07 8.3336182221866792e-08 -7.0544533364754617e-07 2.8591876127265066e-06 -7.0544533364754617e-07 1.7036457841683583e-05</location_covariance>
        <orientation>1</orientation>
        <reference x="-83.579675969999997" y="31.437796079999998" z="64.730000000000004" yaw="180.09999999999999" pitch="0.099999999999993788" roll="-0" enabled="true" rotation_enabled="false"/>
      </camera>
      <camera id="17" sensor_id="0" component_id="0" label="1_DJI_0466">
        <transform>-9.5645954801884026e-01 2.3009724019867081e-01 -1.7955610002600886e-01 -2.5960053254234396e+01 2.2558983540347746e-01 9.7316322546229084e-01 4.5415446386249392e-02 8.7045057322969868e+00 1.8518736232860719e-01 2.9320062731082452e-03 -9.8269885731743267e-01 2.3201088035653514e+00 0 0 0 1</transform>
        <rotation_covariance>1.4796030095860649e-09 7.4529239140821287e-10 6.9576038066445978e-11 7.4529239140821266e-10 1.5772952776056783e-09 2.3292065614604140e-11 6.9576038066446004e-11 2.3292065614604127e-11 1.9713098677919039e-10</rotation_covariance>
        <location_covariance>1.1059499910544084e-06 -6.9743222609802606e-08 5.3532747472948937e-06 -6.9743222609802606e-08 8.4792729139054653e-08 -3.7375653303750302e-07 5.3532747472948937e-06 -3.7375653303750302e-07 2.8116183693902906e-05</location_covariance>
        <orientation>1</orientation>
        <reference x="-83.580615170000002" y="31.43573524" z="61.469999999999999" yaw="180.09999999999999" pitch="0.099999999999993788" roll="-0" enabled="true" rotation_enabled="false"/>
      </camera>
      <camera id="18" sensor_id="0" component_id="0" label="1_DJI_0467">
        <transform>-9.6919296080879502e-01 1.6874429965384719e-01 -1.7941673849731543e-01 2.2812084698685034e+01 1.6393415299894590e-01 9.8560147696533329e-01 4.1416447026170020e-02 7.8576696477838126e+01 1.8382219180283885e-01 1.0727997860083674e-02 -9.8290096747470657e-01 -3.6401489862599234e+00 0 0 0 1</transform>
        <rotation_covariance>1.4981320354657318e-09 -3.2516910394873370e-10 8.9896115418434154e-11 -3.2516910394873375e-10 2.3766169819815217e-09 4.1318677757978021e-11 8.9896115418434180e-11 4.1318677757978028e-11 1.8764808916318236e-10</rotation_covariance>
        <location_covariance>5.5769736200022238e-07 -1.2902746162872607e-07 2.8539745782177353e-06 -1.2902746162872607e-07 8.0836108608734989e-08 -7.2590167331157719e-07 2.8539745782177353e-06 -7.2590167331157719e-07 1.6786817418975608e-05</location_covariance>
        <orientation>1</orientation>
        <reference x="-83.57967601" y="31.437742579999998" z="64.629999999999995" yaw="179.80000000000001" pitch="0.099999999999993788" roll="-0" enabled="true" rotation_enabled="false"/>
      </camera>
      <camera id="19" sensor_id="0" component_id="0" label="1_DJI_0468">
        <transform>-9.6674132605914620e-01 1.8219886705354221e-01 -1.7948476630012358e-01 2.2564234170748438e+01 1.7745563771975187e-01 9.8322033159442523e-01 4.2276189289290722e-02 7.7582475947516343e+01 1.8417574522960536e-01 9.0195556294876411e-03 -9.8285194331871062e-01 -3.6324556406523842e+00 0 0 0 1</transform>
        <rotation_covariance>1.4043470862465036e-09 -3.4370098704822013e-10 8.5238062986571480e-11 -3.4370098704822013e-10 2.3211557549810746e-09 2.8001032409686345e-11 8.5238062986571454e-11 2.8001032409686380e-11 1.8761282471091258e-10</rotation_covariance>
        <location_covariance>5.5554185039373776e-07 -1.3097740194603577e-07 2.8462317390226463e-06 -1.3097740194603577e-07 7.9871298134388735e-08 -7.3326673267472914e-07 2.8462317390226463e-06 -7.3326673267472914e-07 1.6674474322334600e-05</location_covariance>
        <orientation>1</orientation>
        <reference x="-83.579676430000006" y="31.437716330000001" z="64.730000000000004" yaw="180.30000000000004" pitch="0.099999999999993788" roll="-0" enabled="true" rotation_enabled="false"/>
      </camera>
      <camera id="20" sensor_id="0" component_id="0" label="1_DJI_0469">
        <transform>-9.6645861052319004e-01 1.8349239648837731e-01 -1.7968943924598660e-01 2.2305215004305005e+01 1.7866733442306038e-01 9.8297733450502478e-01 4.2819895604205058e-02 7.6523780468006606e+01 1.8448777129052016e-01 9.2790236743330902e-03 -9.8279100624899296e-01 -3.6275593871456704e+00 0 0 0 1</transform>
        <rotation_covariance>1.4216024509782034e-09 -3.4853915936438408e-10 9.5326081267612859e-11 -3.4853915936438413e-10 2.3271408666158658e-09 2.7996858916771539e-11 9.5326081267612834e-11 2.7996858916771558e-11 1.8771894139022039e-10</rotation_covariance>
        <location_covariance>5.5362823907408111e-07 -1.3085920771620035e-07 2.8341115590637759e-06 -1.3085920771620035e-07 7.9890566986721132e-08 -7.3150098697606696e-07 2.8341115590637759e-06 -7.3150098697606696e-07 1.6541728400075011e-05</location_covariance>
        <orientation>1</orientation>
        <reference x="-83.579676719999995" y="31.437688690000002" z="64.730000000000004" yaw="179.90000000000001" pitch="0.099999999999993788" roll="-0" enabled="true" rotation_enabled="false"/>
      </camera>
      <camera id="21" sensor_id="0" component_id="0" label="1_DJI_0470">
        <transform>-9.6501897293454908e-01 1.9054020059002108e-01 -1.8009112647619080e-01 2.2051640413860309e+01 1.8571799815822623e-01 9.8164291399835690e-01 4.3428269098766459e-02 7.5516847065037979e+01 1.8506000928469102e-01 8.4629401467984922e-03 -9.8269078127741771e-01 -3.6184916108992837e+00 0 0 0 1</transform>
        <rotation_covariance>1.4614378563864080e-09 -4.1480746842509877e-10 7.6443653833996974e-11 -4.1480746842509871e-10 2.3488861913697635e-09 1.8972349413380337e-11 7.6443653833996974e-11 1.8972349413380331e-11 1.9434063359359398e-10</rotation_covariance>
        <location_covariance>5.5655582123086712e-07 -1.3271391537387620e-07 2.8385911909733762e-06 -1.3271391537387620e-07 7.9906020666820620e-08 -7.3368088669483963e-07 2.8385911909733762e-06 -7.3368088669483963e-07 1.6450327908269809e-05</location_covariance>
        <orientation>1</orientation>
        <reference x="-83.579677110000006" y="31.437662079999999" z="64.530000000000001" yaw="179.90000000000001" pitch="0.099999999999993788" roll="-0" enabled="true" rotation_enabled="false"/>
      </camera>
      <camera id="22" sensor_id="0" component_id="0" label="1_DJI_0471">
        <transform>-9.6361007832489287e-01 1.9767881515865010e-01 -1.7994083190917684e-01 2.1805325477940183e+01 1.9305651461167028e-01 9.8024379628062452e-01 4.3026526926342651e-02 7.4488098379513531e+01 1.8489131703973646e-01 6.7220451368310355e-03 -9.8273598437855625e-01 -3.5886777662839475e+00 0 0 0 1</transform>
        <rotation_covariance>1.3491328606372490e-09 -3.7843561862676181e-10 6.9387924402483490e-11 -3.7843561862676197e-10 2.3002305078997529e-09 1.9056890401892549e-11 6.9387924402483541e-11 1.9056890401892529e-11 1.8600699142812556e-10</rotation_covariance>
        <location_covariance>5.5811545969055511e-07 -1.2849502255308923e-07 2.8596877241544461e-06 -1.2849502255308923e-07 7.6790629683852652e-08 -7.1104047496275164e-07 2.8596877241544461e-06 -7.1104047496275164e-07 1.6584461197637246e-05</location_covariance>
        <orientation>1</orientation>
        <reference x="-83.579677200000006" y="31.437635310000001" z="64.629999999999995" yaw="179.90000000000001" pitch="0.099999999999993788" roll="-0" enabled="true" rotation_enabled="false"/>
      </camera>
      <camera id="23" sensor_id="0" component_id="0" label="1_DJI_0472">
        <transform>-9.6389740402698409e-01 1.9579712897293644e-01 -1.8045852375544907e-01 2.1594027909596832e+01 1.9109053359606218e-01 9.8061773520757090e-01 4.3281235730347867e-02 7.3483665126115838e+01 1.8543517055837319e-01 7.2347551671755328e-03 -9.8262986716141376e-01 -3.5822849667290977e+00 0 0 0 1</transform>
        <rotation_covariance>1.3724930506737190e-09 -3.4980108569902226e-10 4.6248959739769486e-11 -3.4980108569902226e-10 2.2871315221326010e-09 2.0708085246672430e-11 4.6248959739769460e-11 2.0708085246672456e-11 1.8697345892167999e-10</rotation_covariance>
        <location_covariance>5.6282428725893601e-07 -1.2803296020139360e-07 2.8745933882443090e-06 -1.2803296020139360e-07 7.6208395501736439e-08 -7.0699184018756921e-07 2.8745933882443090e-06 -7.0699184018756921e-07 1.6550802500511321e-05</location_covariance>
        <orientation>1</orientation>
        <reference x="-83.579676019999994" y="31.43760795" z="64.629999999999995" yaw="179.39999999999998" pitch="0.099999999999993788" roll="-0" enabled="true" rotation_enabled="false"/>
      </camera>
      <camera id="24" sensor_id="0" component_id="0" label="1_DJI_0473">
        <transform>-9.5843029597572715e-01 2.2103585974675882e-01 -1.8042870187941779e-01 2.1335645038238212e+01 2.1665777914882414e-01 9.7526118952573138e-01 4.3875037768137060e-02 7.2457032224171300e+01 1.8566306711400621e-01 2.9598835901619436e-03 -9.8260900901576953e-01 -3.5816401961191664e+00 0 0 0 1</transform>
        <rotation_covariance>1.4110453702939949e-09 -3.4894461867990612e-10 3.1529622452728352e-11 -3.4894461867990612e-10 2.2624939861515243e-09 2.6554061832523023e-11 3.1529622452728307e-11 2.6554061832523039e-11 1.9311584645428505e-10</rotation_covariance>
