<?xml version="1.0" encoding="UTF-8"?>
<document version="1.5.0">
  <chunk label="Chunk 1" enabled="true">
    <sensors next_id="1">
      <sensor id="0" label="FC6310S (8.8mm)" type="frame">
        <resolution width="5472" height="3648"/>
        <property name="pixel_width" value="0.0024122807017543861"/>
        <property name="pixel_height" value="0.0024122807017543861"/>
        <property name="focal_length" value="8.8000000000000007"/>
        <property name="layer_index" value="0"/>
        <bands>
          <band label="Red"/>
          <band label="Green"/>
          <band label="Blue"/>
        </bands>
        <data_type>uint8</data_type>
        <calibration type="frame" class="adjusted">
          <resolution width="5472" height="3648"/>
          <f>3554.9259380278745</f>
          <cx>6.0726271411809085</cx>
          <cy>-2.2075939764753811</cy>
          <k1>-0.010677173134457209</k1>
          <k2>0.0026374237955678328</k2>
          <k3>0.0046665231091738623</k3>
          <p1>0.00083891152272778642</p1>
          <p2>-0.00095373014794172307</p2>
        </calibration>
        <covariance>
          <params>f cx cy k1 k2 k3 p1 p2</params>
          <coeffs>2.2244140219109831e+01 4.9958930809508983e-01 2.9024885453151855e-01 -1.4109268820062889e-04 7.0020740168216997e-05 1.7203229560809296e-04 4.7483613157707658e-06 -6.7067978094699202e-06 4.9958930809508983e-01 1.5636639735729981e-02 6.6241008175310341e-03 -3.1832624488270601e-06 1.6207620092445852e-06 3.8230140622115762e-06 1.0510493127133259e-07 -1.5207807076666433e-07 2.9024885453151855e-01 6.6241008175310341e-03 5.5796344323509259e-03 -1.8404632032920907e-06 9.1091848508963214e-07 2.2480285804127056e-06 6.1280918468962119e-08 -8.4153462656427936e-08 -1.4109268820062889e-04 -3.1832624488270601e-06 -1.8404632032920907e-06 9.5107703013877629e-10 -5.9082436641668270e-10 -9.7988564325553497e-10 -3.0460116863022794e-11 4.2542135828457916e-11 7.0020740168216997e-05 1.6207620092445852e-06 9.1091848508963214e-07 -5.9082436641668270e-10 6.5248905121586647e-10 1.9594018977841562e-10 1.5077282130596754e-11 -2.1074169646980451e-11 1.7203229560809296e-04 3.8230140622115762e-06 2.2480285804127056e-06 -9.7988564325553497e-10 1.9594018977841562e-10 1.6175055146361064e-09 3.6813496182008675e-11 -5.1890675503766897e-11 4.7483613157707658e-06 1.0510493127133259e-07 6.1280918468962119e-08 -3.0460116863022794e-11 1.5077282130596754e-11 3.6813496182008675e-11 1.4314322122127480e-12 -1.4856051507752904e-12 -6.7067978094699202e-06 -1.5207807076666433e-07 -8.4153462656427936e-08 4.2542135828457916e-11 -2.1074169646980451e-11 -5.1890675503766897e-11 -1.4856051507752904e-12 2.8232982338060550e-12</coeffs>
        </covariance>
        <meta>
          <property name="Exif/BodySerialNumber" value="91729d101b4029bd904de8ef6494c684"/>
          <property name="Exif/Make" value="DJI"/>
          <property name="Exif/Model" value="FC6310S"/>
          <property name="Exif/Software" value="v01.08.1719"/>
        </meta>
      </sensor>
    </sensors>
    <components next_id="1" active_id="0">
      <component id="0" label="Component 1">
        <transform>
          <rotation locked="true">-9.9634819013764719e-01 3.5807391987909110e-02 7.7512029314542680e-02 -8.4752558959978269e-02 -5.2488404903452623e-01 -8.4694376366961743e-01 1.0357980458067061e-02 -8.5042022891517899e-01 5.2600204038832821e-01</rotation>
          <translation locked="true">6.0908921143546596e+05 -5.4128556032926692e+06 3.3072835386395375e+06</translation>
          <scale locked="true">2.9413266562117739e+00</scale>
        </transform>
        <region>
          <center>1.0101261587254466e+01 -3.2278900944111271e+01 -4.2493886944775383e+00</center>
          <size>1.3149469026216772e+02 7.0083231953101048e+01 2.1815629414784347e+01</size>
          <R>-2.1669190896907779e-02 -9.9975503812615285e-01 4.5066514451475243e-03 9.9960691531402612e-01 -2.1585332100123554e-02 1.7891011556218164e-02 -1.7789351372399318e-02 4.8925636942298940e-03 9.9982978641279097e-01</R>
        </region>
        <partition>
          <camera_ids>1375 1376</camera_ids>
          <partition>
            <partition>
              <partition>
                <camera_ids>65 66 68 70 71 72 74 75 78 80 86 89 90 93 94 97 556 557 558 559 560 561 562 563 564 565 566 567 568 569 711 712 713 714 715 716 717 718 719 720 721 722 723 724 725 746 747 748 749 750 751 752 753 754 755 756 757 758 759 760 761 762 763 764 765 766 767 768 769 770 771 772 773 774 775 776 777 778 779 869 870 873 875 879 882 883 885 887 888 889 890 891 893 894 897 898 901 902</camera_ids>
              </partition>
              <partition>
                <camera_ids>124 125 126 127 128 129 130 131 132 136 137 139 140 141 142 145 148 151 153 154 155 247 251 256 258 259 260 262 263 264 265 266 267 268 274 275 276 278 280 314 316 317 318 319 321 322 324 328 332 939 940 941 944 949 950 952 953 955 956 958 962 963 1055 1056 1057 1059 1060 1061 1062 1064 1068 1076 1077 1078 1079 1080 1084 1086 1122 1127 1130 1132 1133 1134 1136 1137 1138 1140 1141 1142 1143</camera_ids>
              </partition>
              <partition>
                <camera_ids>99 100 101 102 111 112 114 115 117 281 282 283 284 286 288 289 292 295 297 298 299 304 305 306 310 312 733 734 735 736 737 738 739 740 741 742 743 744 745 904 909 910 911 912 913 914 915 916 919 922 924 925 926 927 928 929 1092 1094 1097 1098 1100 1101 1103 1107 1108 1109 1110 1114 1115 1116 1118 1120</camera_ids>
              </partition>
              <partition>
                <camera_ids>386 387 388 389 390 391 392 393 394 395 396 397 398 399 400 401 402 403 404 405 406 407 408 409 410 411 412 501 502 503 504 505 506 507 508 509 510 511 512 513 514 515 516 517 518 519 520 521 522 523 524 525 526 527 528 529 530 531 532 533 534 535 1344 1345 1346 1347 1348 1349 1350 1377 1378 1379 1380 1381 1382 1383</camera_ids>
              </partition>
              <partition>
                <camera_ids>570 571 572 573 574 575 576 577 578 579 580 581 582 583 584 585 586 587 588 589 590 591 592 593 594 595 686 687 688 689 690 691 692 693 694 695 696 697 698 699 700 701 702 703 704 705 706 707 708 709 710</camera_ids>
              </partition>
            </partition>
            <partition>
              <partition>
                <camera_ids>380 382 383 536 537 538 539 540 541 542 543 544 545 546 547 548 549 550 551 552 553 554 555 726 727 728 729 730 731 732 1180 1181 1182 1183 1184 1185 1186 1188 1191 1192 1351 1352 1353 1354 1355 1356 1357 1358 1359 1360 1361 1362 1363 1364 1365 1366 1367 1368 1369 1370 1371 1372 1373 1374</camera_ids>
              </partition>
              <partition>
                <camera_ids>9 12 13 14 16 17 20 22 28 29 178 179 183 185 188 192 193 194 200 202 203 361 362 363 365 366 367 368 369 371 372 816 817 821 824 825 827 829 830 831 832 833 836 837 984 987 988 989 991 993 994 996 997 998 1002 1003 1004 1005 1006 1008 1011 1167 1171 1177</camera_ids>
              </partition>
            </partition>
            <partition>
              <partition>
                <camera_ids>204 209 210 211 213 217 218 222 224 225 360 364 370 373 374 375 376 377 378 379 381 384 385 1009 1010 1012 1013 1014 1015 1019 1021 1022 1023 1026 1027 1028 1030 1033 1034 1035 1166 1168 1169 1170 1172 1173 1174 1175 1176 1178 1179 1187 1189 1190</camera_ids>
              </partition>
              <partition>
                <camera_ids>159 162 164 167 229 231 232 233 236 239 244 246 337 340 345 347 350 351 353 355 357 964 966 967 969 971 972 974 1037 1041 1042 1044 1045 1047 1048 1049 1050 1052 1145 1146 1148 1149 1150 1151 1153 1155 1156 1159 1161 1163 1165</camera_ids>
              </partition>
            </partition>
            <partition>
              <partition>
                <camera_ids>1 3 7 10 11 15 18 457 458 459 460 461 462 463 464 465 466 467 468 469 470 471 472 473 474 475 476 620 621 622 623 624 625 626 627 628 629 630 631 632 633 634 635 636 637 638 639 640 641 642 643 644 645 646 647 648 649 650 651 652 653 654 655 656 657 658 659 660 661 804 805 806 808 810 811 812 814 815 818 819 820 822 823</camera_ids>
              </partition>
              <partition>
                <camera_ids>19 21 23 24 25 26 27 30 31 32 34 37 40 42 43 44 47 49 53 54 56 58 59 61 169 170 173 174 176 177 180 181 182 184 186 187 189 190 191 195 196 197 198 199 201 596 597 598 599 600 601 602 603 604 605 606 607 608 609 610 611 612 613 614 615 616 617 618 619 662 663 664 665 666 667 668 669 670 671 672 673 674 675 676 677 678 679 680 681 682 683 684 685 780 781 782 783 784 785 786 787 788 789 790 791 792 793 794 795 796 797 798 799 800 801 802 803 826 828 834 835 839 841 842 844 845 847 851 852 854 856 857 858 861 863 866 868 977 978 979 982 985 986 990 992 995 999 1000 1001 1007</camera_ids>
              </partition>
              <partition>
                <camera_ids>413 414 415 416 417 418 419 420 421 422 423 424 425 426 427 428 429 430 431 432 433 434 435 436 437 438 439 440 441 442 443 444 445 446 447 448 449 450 451 452 453 454 455 456 477 478 479 480 481 482 483 484 485 486 487 488 489 490 491 492 493 494 495 496 497 498 499 500 1227 1228 1229 1230 1231 1232 1233 1234 1235 1236 1237 1238 1239 1240 1241 1242 1243 1244 1245 1246 1247 1248 1249 1250 1272 1273 1274 1275 1276 1277 1278 1279 1280 1281 1282 1283 1284 1285 1286 1287 1288 1289 1290 1291 1292 1293 1294 1295 1296 1297 1298 1299 1300 1301 1302 1303 1304 1305 1306 1307 1308 1309 1310 1311 1312 1313 1314 1315 1316</camera_ids>
              </partition>
            </partition>
          </partition>
          <partition>
            <partition>
              <partition>
                <camera_ids>165 166 168 171 172 175 205 206 207 208 212 214 215 216 219 220 221 223 226 227 228 230 234 235 326 327 329 330 331 333 334 335 336 338 339 341 342 343 344 346 348 349 970 973 975 976 980 981 983 1016 1017 1018 1020 1024 1025 1029 1031 1032 1036 1038 1039 1040 1043 1135 1139 1144 1147 1152 1154 1157</camera_ids>
              </partition>
              <partition>
                <camera_ids>0 2 4 5 6 8 33 35 36 38 39 41 45 46 48 50 51 52 55 57 60 149 150 152 156 157 158 160 161 163 807 809 813 838 840 843 846 848 849 850 853 855 859 860 862 864 865 867 957 959 960 961 965 968</camera_ids>
              </partition>
              <partition>
                <camera_ids>62 63 64 67 69 73 76 77 79 81 82 83 84 85 87 122 123 133 134 135 138 143 144 146 147 871 872 874 876 877 878 880 881 884 886 892 930 931 932 933 934 935 936 937 938 942 943 945 946 947 948 951 954</camera_ids>
              </partition>
              <partition>
                <camera_ids>352 354 356 358 359 1158 1160 1162 1164 1193 1194 1195 1196 1197 1198 1199 1200 1201 1202 1203 1204 1205 1206 1207 1208 1209 1210 1211 1212 1213 1214 1215 1216 1217 1218 1219 1220 1221 1222 1223 1224 1225 1226 1317 1318 1319 1320 1321 1322 1323 1324 1325 1326 1327 1328 1329 1330 1331 1332 1333 1334 1335 1336 1337 1338 1339 1340 1341 1342 1343</camera_ids>
              </partition>
            </partition>
            <partition>
              <partition>
                <camera_ids>237 238 240 241 242 243 245 248 249 250 252 253 254 255 257 261 300 301 302 303 307 308 309 311 313 315 320 323 325 1046 1051 1053 1054 1058 1063 1065 1066 1067 1069 1070 1071 1072 1073 1106 1111 1112 1113 1117 1119 1121 1123 1124 1125 1126 1128 1129 1131</camera_ids>
              </partition>
              <partition>
                <camera_ids>88 91 92 95 96 98 103 104 105 106 107 108 109 110 113 116 118 119 120 121 269 270 271 272 273 277 279 285 287 290 291 293 294 296 895 896 899 900 903 905 906 907 908 917 918 920 921 923 1074 1075 1081 1082 1083 1085 1087 1088 1089 1090 1091 1093 1095 1096 1099 1102 1104 1105 1251 1252 1253 1254 1255 1256 1257 1258 1259 1260 1261 1262 1263 1264 1265 1266 1267 1268 1269 1270 1271</camera_ids>
              </partition>
            </partition>
          </partition>
        </partition>
      </component>
    </components>
    <cameras next_id="1384" next_group_id="0">
      <camera id="0" sensor_id="0" component_id="0" label="1_DJI_0422">
        <transform>9.9874691699534757e-01 4.0542892364619290e-02 2.9340580617964875e-02 2.9345147837234446e+01 4.1135935063887588e-02 -9.9895538714119492e-01 -1.9898978566872172e-02 -7.2654294701439426e+00 2.8503168923963981e-02 2.1080995714057527e-02 -9.9937138291077554e-01 -7.5579539306697185e-01 0 0 0 1</transform>
        <rotation_covariance>1.0613324196268629e-09 1.4508026951143199e-10 5.7733525375445573e-11 1.4508026951143199e-10 3.0607057536739307e-09 9.0567086536544670e-11 5.7733525375445567e-11 9.0567086536544683e-11 2.5672418578607661e-10</rotation_covariance>
        <location_covariance>1.0163850606146538e-07 -2.4504564874810412e-09 -8.4584751637890188e-07 -2.4504564874810412e-09 5.3950570618891174e-08 5.0944107615124512e-08 -8.4584751637890188e-07 5.0944107615124512e-08 2.6933308231910028e-05</location_covariance>
        <orientation>1</orientation>
        <reference x="-83.580611730000001" y="31.436231020000001" z="82.329999999999998" yaw="181.79999999999998" pitch="0.099999999999993788" roll="-0" enabled="true" rotation_enabled="false"/>
      </camera>
      <camera id="1" sensor_id="0" component_id="0" label="1_DJI_0423">
        <transform>-9.8728837540452541e-01 -1.5890299139102457e-01 3.3916246958085421e-03 2.9860229503725724e+00 -1.5890352541913588e-01 9.8729410856416266e-01 1.1315416782061230e-04 -6.1609841074769570e+01 -3.3665116163875504e-03 -4.2722532654472165e-04 -9.9999424202245135e-01 -1.0146390662056405e-01 0 0 0 1</transform>
        <rotation_covariance>5.9166827213748757e-10 -6.9756179587884252e-11 1.3488338274781786e-11 -6.9756179587884290e-11 1.0273267940346135e-09 7.4797636598377484e-12 1.3488338274781786e-11 7.4797636598377468e-12 7.0358514567280992e-11</rotation_covariance>
        <location_covariance>4.8521060583206312e-08 -5.4726344905631966e-09 -4.4721558658427934e-07 -5.4726344905631966e-09 3.6247554810330412e-08 3.1562413851876431e-07 -4.4721558658427934e-07 3.1562413851876431e-07 2.8037058724180923e-05</location_covariance>
        <orientation>1</orientation>
        <reference x="-83.579743010000001" y="31.437646359999999" z="84.129999999999995" yaw="359.89999999999998" pitch="0.099999999999993788" roll="-0" enabled="true" rotation_enabled="false"/>
      </camera>
      <camera id="2" sensor_id="0" component_id="0" label="1_DJI_0424">
        <transform>9.9951550991518712e-01 -1.6637486531048701e-03 3.1080176630811612e-02 2.9369208888574363e+01 -9.8667715806561706e-04 -9.9976214126178187e-01 -2.1787321263567250e-02 -5.4297300460312883e+00 3.1109032565621645e-02 2.1746099422090215e-02 -9.9927940799996251e-01 -1.1222081646709228e+00 0 0 0 1</transform>
        <rotation_covariance>9.3378624267804908e-10 1.8134121427430271e-10 5.8655320041845446e-11 1.8134121427430271e-10 2.9731999222695757e-09 5.1064837442716883e-11 5.8655320041845433e-11 5.1064837442716877e-11 2.3147145281635170e-10</rotation_covariance>
        <location_covariance>9.2825048095668468e-08 -3.9175444878805983e-09 -7.9934022708735931e-07 -3.9175444878805983e-09 4.8107923564861088e-08 7.7717660002526096e-08 -7.9934022708735931e-07 7.7717660002526096e-08 2.2728009143522795e-05</location_covariance>
        <orientation>1</orientation>
        <reference x="-83.580612189999997" y="31.436179639999999" z="82.230000000000004" yaw="180.70000000000002" pitch="0.099999999999993788" roll="-0" enabled="true" rotation_enabled="false"/>
      </camera>
      <camera id="3" sensor_id="0" component_id="0" label="1_DJI_0425">
        <transform>-9.8787857667303802e-01 -1.5518077100485206e-01 3.8530586281014124e-03 3.0206578474673851e+00 -1.5518390049527908e-01 9.8788545957344642e-01 -5.2515753123692777e-04 -6.3601068050422462e+01 -3.7248862429890466e-03 -1.1167245412332522e-03 -9.9999243904580382e-01 -7.5957521145136334e-02 0 0 0 1</transform>
        <rotation_covariance>6.3101504962341148e-10 -3.3906697832838601e-11 1.7783920204727205e-11 -3.3906697832838614e-11 1.0400675967434035e-09 2.7855951694349459e-13 1.7783920204727208e-11 2.7855951694349550e-13 8.0825543237743353e-11</rotation_covariance>
        <location_covariance>5.1765153063833786e-08 -7.4277777563976141e-09 -4.8307372752132799e-07 -7.4277777563976141e-09 4.0044448907473521e-08 3.9781297567634652e-07 -4.8307372752132799e-07 3.9781297567634652e-07 2.8449841224755465e-05</location_covariance>
        <orientation>1</orientation>
        <reference x="-83.579742440000004" y="31.437698229999999" z="84.230000000000004" yaw="0" pitch="0.099999999999993788" roll="-0" enabled="true" rotation_enabled="false"/>
      </camera>
      <camera id="4" sensor_id="0" component_id="0" label="1_DJI_0426">
        <transform>9.9948913676572526e-01 -5.9807326799016410e-04 3.1954777352861230e-02 2.9365279518910828e+01 9.7228683191561495e-05 -9.9976337180171371e-01 -2.1752952678923299e-02 -3.4042078681863370e+00 3.1960225810966691e-02 2.1744946816086352e-02 -9.9925257130220979e-01 -1.1112086909169665e+00 0 0 0 1</transform>
        <rotation_covariance>9.4808888200839076e-10 3.0308609534255970e-10 6.1011049817373995e-11 3.0308609534255970e-10 2.8892671221404141e-09 3.7408363510125853e-11 6.1011049817373995e-11 3.7408363510125846e-11 2.2874459407590649e-10</rotation_covariance>
        <location_covariance>9.4449523596053994e-08 -1.3951108974874162e-09 -8.5404207621517480e-07 -1.3951108974874162e-09 4.8637756088216632e-08 4.7780321392627460e-08 -8.5404207621517480e-07 4.7780321392627460e-08 2.3571774456125605e-05</location_covariance>
        <orientation>1</orientation>
        <reference x="-83.580613510000006" y="31.436125310000001" z="82.329999999999998" yaw="181.19999999999999" pitch="0.099999999999993788" roll="-0" enabled="true" rotation_enabled="false"/>
      </camera>
      <camera id="5" sensor_id="0" component_id="0" label="1_DJI_0427">
        <transform>9.9939749165314740e-01 1.3019831052755651e-02 3.2173555550408947e-02 2.9345029406053683e+01 1.3737399308882740e-02 -9.9965952863849028e-01 -2.2183567397963136e-02 -2.4764242336414997e+00 3.1873775076477179e-02 2.2612182593225047e-02 -9.9923608404658060e-01 -1.1487896481482487e+00 0 0 0 1</transform>
        <rotation_covariance>9.3451168675211233e-10 3.2151762760101273e-10 6.2108909281585234e-11 3.2151762760101273e-10 2.8705577795175391e-09 3.2093547019566868e-11 6.2108909281585247e-11 3.2093547019566881e-11 2.2850901215374756e-10</rotation_covariance>
        <location_covariance>9.3797079480122995e-08 -1.2638086953423124e-09 -8.4708796062182103e-07 -1.2638086953423124e-09 4.8513360156216858e-08 5.4502850493229575e-08 -8.4708796062182103e-07 5.4502850493229575e-08 2.3428067617905700e-05</location_covariance>
        <orientation>1</orientation>
        <reference x="-83.58061386" y="31.436100400000001" z="82.230000000000004" yaw="180.70000000000002" pitch="0.099999999999993788" roll="-0" enabled="true" rotation_enabled="false"/>
      </camera>
      <camera id="6" sensor_id="0" component_id="0" label="1_DJI_0428">
        <transform>9.9946136868285618e-01 3.2029720540447826e-03 3.2660579918504011e-02 2.9312091779169311e+01 3.9600506526081226e-03 -9.9972434679545374e-01 -2.3141919177831538e-02 -1.4988971218661145e+00 3.2577454004583561e-02 2.3258791766244791e-02 -9.9919854788533091e-01 -1.1666646945226273e+00 0 0 0 1</transform>
        <rotation_covariance>9.2256829400794544e-10 3.7225718867366775e-10 5.0920664921789750e-11 3.7225718867366770e-10 2.8555876198914162e-09 3.2399276507279052e-11 5.0920664921789750e-11 3.2399276507279039e-11 2.2641923962168391e-10</rotation_covariance>
        <location_covariance>9.5211449895915092e-08 -1.3282869370897559e-09 -8.7085992175062586e-07 -1.3282869370897559e-09 4.8730605827257757e-08 7.4281944801386592e-08 -8.7085992175062586e-07 7.4281944801386592e-08 2.3565985807748782e-05</location_covariance>
        <orientation>1</orientation>
        <reference x="-83.58061386" y="31.436074290000001" z="82.230000000000004" yaw="181.5" pitch="0.099999999999993788" roll="-0" enabled="true" rotation_enabled="false"/>
      </camera>
      <camera id="7" sensor_id="0" component_id="0" label="1_DJI_0429">
        <transform>-9.8913029391416041e-01 -1.4698134663262979e-01 4.2125293287699163e-03 3.0558646999433483e+00 -1.4697882896860789e-01 9.8913922616783689e-01 9.0282396415864927e-04 -6.7626317431403038e+01 -4.2994762824930376e-03 2.7385790528246766e-04 -9.9999071970971010e-01 -1.1538259960711250e-02 0 0 0 1</transform>
        <rotation_covariance>8.5573523972505476e-10 1.6088628525399760e-11 3.5859410564915569e-11 1.6088628525399688e-11 1.1444203633605203e-09 -5.8232303648422813e-12 3.5859410564915563e-11 -5.8232303648422813e-12 1.0995434520402384e-10</rotation_covariance>
        <location_covariance>6.0621238885681963e-08 -8.1665873879205612e-09 -5.3111504478862741e-07 -8.1665873879205612e-09 4.8487577740991216e-08 4.1457090912418488e-07 -5.3111504478862741e-07 4.1457090912418488e-07 2.9607647202410255e-05</location_covariance>
        <orientation>1</orientation>
        <reference x="-83.579740349999994" y="31.437804710000002" z="84.129999999999995" yaw="0.20000000000000001" pitch="0.099999999999993788" roll="-0" enabled="true" rotation_enabled="false"/>
      </camera>
      <camera id="8" sensor_id="0" component_id="0" label="1_DJI_0430">
        <transform>9.9925012049071604e-01 2.1039250713732621e-02 3.2504563198029530e-02 2.9289248367833871e+01 2.1777018914075592e-02 -9.9950935268939256e-01 -2.2512559464581527e-02 4.6136103289621178e-01 3.2014967538730829e-02 2.3203530245094306e-02 -9.9921801326720416e-01 -1.2146279604965142e+00 0 0 0 1</transform>
        <rotation_covariance>9.6271884362813035e-10 5.4664500667818532e-10 5.9574928114709151e-11 5.4664500667818542e-10 2.7730824897900568e-09 5.3082687957020367e-11 5.9574928114709151e-11 5.3082687957020374e-11 2.2164082597543524e-10</rotation_covariance>
        <location_covariance>9.3094063428446950e-08 1.8976011771854779e-09 -8.4840995458176023e-07 1.8976011771854779e-09 5.0630761084663814e-08 2.3712400111093429e-08 -8.4840995458176023e-07 2.3712400111093429e-08 2.3722071792226854e-05</location_covariance>
        <orientation>1</orientation>
        <reference x="-83.580614389999994" y="31.43602211" z="82.230000000000004" yaw="180.80000000000001" pitch="0.099999999999993788" roll="-0" enabled="true" rotation_enabled="false"/>
      </camera>
      <camera id="9" sensor_id="0" component_id="0" label="1_DJI_0431">
        <transform>9.9928029752144765e-01 1.8534877792550978e-02 3.3096001127959657e-02 2.9291706324667391e+01 1.9280238678171767e-02 -9.9956437221147287e-01 -2.2345876621802596e-02 1.4592751589337507e+00 3.2667405497826651e-02 2.2967893040052645e-02 -9.9920234012303100e-01 -1.2319528145026457e+00 0 0 0 1</transform>
        <rotation_covariance>9.9895702862163610e-10 5.7357845683098118e-10 9.4094336459102214e-11 5.7357845683098118e-10 2.7841505885716842e-09 5.5603080701038543e-11 9.4094336459102188e-11 5.5603080701038543e-11 2.4575610311635269e-10</rotation_covariance>
        <location_covariance>9.5315453885825394e-08 2.1989343956848069e-09 -8.8070044437995930e-07 2.1989343956848069e-09 5.3147284009319140e-08 7.9571534711033493e-09 -8.8070044437995930e-07 7.9571534711033493e-09 2.3897280412544460e-05</location_covariance>
        <orientation>1</orientation>
        <reference x="-83.580614870000005" y="31.435996159999998" z="82.129999999999995" yaw="181.09999999999999" pitch="0.099999999999993788" roll="-0" enabled="true" rotation_enabled="false"/>
      </camera>
      <camera id="10" sensor_id="0" component_id="0" label="1_DJI_0432">
        <transform>-9.8899683157104112e-01 -1.4789402355132769e-01 3.5531591917433505e-03 3.0906413883504529e+00 -1.4789052399163674e-01 9.8900297306667195e-01 1.2297067792241545e-03 -7.0634223989861695e+01 -3.6959512877811434e-03 6.9069753372158482e-04 -9.9999293141551515e-01 -2.0462138105759732e-02 0 0 0 1</transform>
        <rotation_covariance>1.3588419138910428e-09 1.2714682133498017e-11 1.2795855239373364e-10 1.2714682133498041e-11 1.6030156833237721e-09 -6.5558324102564524e-12 1.2795855239373361e-10 -6.5558324102564557e-12 1.9401047876530108e-10</rotation_covariance>
        <location_covariance>7.3325327760342353e-08 -9.6670113221673834e-09 -4.9941277827780565e-07 -9.6670113221673834e-09 6.4350295230895836e-08 4.5474334164739507e-07 -4.9941277827780565e-07 4.5474334164739507e-07 2.9767289065460189e-05</location_covariance>
        <orientation>1</orientation>
        <reference x="-83.579739270000005" y="31.43788546" z="84.230000000000004" yaw="0" pitch="0.099999999999993788" roll="-0" enabled="true" rotation_enabled="false"/>
      </camera>
      <camera id="11" sensor_id="0" component_id="0" label="1_DJI_0433">
        <transform>-9.8900925037231380e-01 -1.4780425176479556e-01 3.8217585274631771e-03 3.0952337944191433e+00 -1.4780085311726124e-01 9.8901646382476982e-01 1.1584909829379091e-03 -7.1680857434100702e+01 -3.9510119973331908e-03 5.8089912783139213e-04 -9.9999202599840775e-01 -6.8960468446588206e-03 0 0 0 1</transform>
        <rotation_covariance>1.7141038621342570e-09 -1.1409991079131805e-10 1.9084669384877635e-10 -1.1409991079131812e-10 2.0033196590355932e-09 -2.3062206083039750e-11 1.9084669384877627e-10 -2.3062206083039753e-11 2.3561150944721120e-10</rotation_covariance>
        <location_covariance>8.5110595838164023e-08 -1.2867932777605835e-08 -5.2252201057967958e-07 -1.2867932777605835e-08 7.4433690380211269e-08 4.8526146340530527e-07 -5.2252201057967958e-07 4.8526146340530527e-07 3.0084422392001955e-05</location_covariance>
        <orientation>1</orientation>
        <reference x="-83.579738739999996" y="31.437913179999999" z="84.230000000000004" yaw="0" pitch="0.099999999999993788" roll="-0" enabled="true" rotation_enabled="false"/>
      </camera>
      <camera id="12" sensor_id="0" component_id="0" label="1_DJI_0434">
        <transform>9.9925287772563398e-01 2.0421766258429036e-02 3.2812159635197895e-02 2.9270489212542063e+01 2.1174631958788045e-02 -9.9951661380321577e-01 -2.2763428844628120e-02 4.3812273334210348e+00 3.2331429267038157e-02 2.3441207183945267e-02 -9.9920227606191414e-01 -1.2699377461448373e+00 0 0 0 1</transform>
        <rotation_covariance>9.6537751419388274e-10 5.9196294420670275e-10 8.8225134787410219e-11 5.9196294420670275e-10 2.7035944079748995e-09 5.6238344053098648e-11 8.8225134787410206e-11 5.6238344053098661e-11 2.2834279293841334e-10</rotation_covariance>
        <location_covariance>9.6764268929258034e-08 2.4123489542701085e-09 -8.8326350059140711e-07 2.4123489542701085e-09 5.4948914889728368e-08 1.7964274375948257e-09 -8.8326350059140711e-07 1.7964274375948257e-09 2.4625335767390066e-05</location_covariance>
        <orientation>1</orientation>
        <reference x="-83.580616539999994" y="31.435918390000001" z="82.129999999999995" yaw="181.19999999999999" pitch="0.099999999999993788" roll="-0" enabled="true" rotation_enabled="false"/>
      </camera>
      <camera id="13" sensor_id="0" component_id="0" label="1_DJI_0435">
        <transform>9.9926061948119083e-01 2.0636413687091175e-02 3.2439987426039985e-02 2.9251855859407463e+01 2.1369155628372209e-02 -9.9952056021576374e-01 -2.2405554974047056e-02 5.4152978998511863e+00 3.1962064104134547e-02 2.3082203883076018e-02 -9.9922251692108244e-01 -1.2584548945809890e+00 0 0 0 1</transform>
        <rotation_covariance>9.9771108671880091e-10 6.2957279303320983e-10 8.0877201759792382e-11 6.2957279303320973e-10 2.6661788981642877e-09 5.4684187788337270e-11 8.0877201759792369e-11 5.4684187788337276e-11 2.1723717195982551e-10</rotation_covariance>
        <location_covariance>9.7710065999053249e-08 3.4315522842008049e-09 -8.8159476475606819e-07 3.4315522842008049e-09 5.6048647849386969e-08 -2.7987776637700894e-08 -8.8159476475606819e-07 -2.7987776637700894e-08 2.5233501278486138e-05</location_covariance>
        <orientation>1</orientation>
        <reference x="-83.580616829999997" y="31.435891259999998" z="82.230000000000004" yaw="181.40000000000001" pitch="0.099999999999993788" roll="-0" enabled="true" rotation_enabled="false"/>
      </camera>
      <camera id="14" sensor_id="0" component_id="0" label="1_DJI_0436">
        <transform>9.9897309118810740e-01 3.1579554326787170e-02 3.2488379931882395e-02 2.9239598186822484e+01 3.2312076362537849e-02 -9.9922958635664150e-01 -2.2274727174001266e-02 6.3364176446230562e+00 3.1759924483826529e-02 2.3301620073637914e-02 -9.9922386966021060e-01 -1.2585683360914919e+00 0 0 0 1</transform>
        <rotation_covariance>1.0331524775866011e-09 6.4494067663487539e-10 7.9742334052436896e-11 6.4494067663487539e-10 2.6896736725637490e-09 5.6902143977388787e-11 7.9742334052436909e-11 5.6902143977388787e-11 2.1380867960238089e-10</rotation_covariance>
        <location_covariance>9.9645455378523274e-08 3.7932415730214089e-09 -8.9089369425232647e-07 3.7932415730214089e-09 5.7735141797773954e-08 -3.9293134221660009e-08 -8.9089369425232647e-07 -3.9293134221660009e-08 2.5648313183746548e-05</location_covariance>
        <orientation>1</orientation>
        <reference x="-83.580617430000004" y="31.435866650000001" z="82.230000000000004" yaw="180.80000000000001" pitch="0.099999999999993788" roll="-0" enabled="true" rotation_enabled="false"/>
      </camera>
      <camera id="15" sensor_id="0" component_id="0" label="1_DJI_0437">
        <transform>-9.9002315383899209e-01 -1.4086718175213692e-01 3.2545303664380278e-03 3.1471141663832740e+00 -1.4085868933188894e-01 9.9002601057970541e-01 2.7070307230133428e-03 -7.5654453633814384e+01 -3.6034015038624830e-03 2.2215942121294185e-03 -9.9999103996823824e-01 1.0195547050540163e-02 0 0 0 1</transform>
        <rotation_covariance>2.8178176070265669e-09 -7.7846665447128863e-12 1.7087248146857244e-10 -7.7846665447127942e-12 2.1787181920275683e-09 -8.5407964781795312e-11 1.7087248146857241e-10 -8.5407964781795299e-11 3.0441515200332042e-10</rotation_covariance>
        <location_covariance>1.0156924850978452e-07 -1.2898709440035927e-08 -5.0343540440697584e-07 -1.2898709440035927e-08 1.0258379907887658e-07 4.9722622487090353e-07 -5.0343540440697584e-07 4.9722622487090353e-07 3.0904940757047669e-05</location_covariance>
        <orientation>1</orientation>
        <reference x="-83.579737519999995" y="31.43801856" z="84.230000000000004" yaw="0" pitch="0.099999999999993788" roll="-0" enabled="true" rotation_enabled="false"/>
      </camera>
      <camera id="16" sensor_id="0" component_id="0" label="1_DJI_0438">
        <transform>9.9913968586171187e-01 2.6488977385270222e-02 3.1909594376030172e-02 2.9213852944637750e+01 2.7192404636227633e-02 -9.9939213615475753e-01 -2.1815850249968738e-02 8.2964269504928545e+00 3.1312318123380790e-02 2.2664780367611159e-02 -9.9925264396178992e-01 -1.3136949376192975e+00 0 0 0 1</transform>
        <rotation_covariance>1.1813285362611819e-09 7.3694595203814653e-10 7.8717860167142163e-11 7.3694595203814653e-10 2.6600589386506354e-09 6.4805710016265627e-11 7.8717860167142163e-11 6.4805710016265614e-11 2.0953167604284450e-10</rotation_covariance>
        <location_covariance>1.0124537186240870e-07 5.7291992944898871e-09 -8.5843717870030777e-07 5.7291992944898871e-09 6.1747983971715386e-08 -9.0143897859860202e-08 -8.5843717870030777e-07 -9.0143897859860202e-08 2.5820350854218529e-05</location_covariance>
        <orientation>1</orientation>
        <reference x="-83.580618259999994" y="31.435814229999998" z="82.230000000000004" yaw="181.30000000000001" pitch="0.099999999999993788" roll="-0" enabled="true" rotation_enabled="false"/>
      </camera>
      <camera id="17" sensor_id="0" component_id="0" label="1_DJI_0439">
        <transform>9.9901921944802075e-01 3.0731079105193182e-02 3.1877891249230086e-02 2.9195731648932068e+01 3.1421591715522383e-02 -9.9927729009984478e-01 -2.1391144540986617e-02 9.3132178356874213e+00 3.1197479826588524e-02 2.2371818606021665e-02 -9.9926283778830116e-01 -1.3548540508676346e+00 0 0 0 1</transform>
        <rotation_covariance>1.3212257276287294e-09 7.7816807611257376e-10 9.1406204838259305e-11 7.7816807611257376e-10 2.6924496590314756e-09 5.9238004257135483e-11 9.1406204838259317e-11 5.9238004257135483e-11 2.1893241956520193e-10</rotation_covariance>
        <location_covariance>1.0313040359671314e-07 6.8005146600405871e-09 -8.4822576953505099e-07 6.8005146600405871e-09 6.5553715728685177e-08 -1.2155961634743234e-07 -8.4822576953505099e-07 -1.2155961634743234e-07 2.5753412133946215e-05</location_covariance>
        <orientation>1</orientation>
        <reference x="-83.580618689999994" y="31.435787000000001" z="82.129999999999995" yaw="181.19999999999999" pitch="0.099999999999993788" roll="-0" enabled="true" rotation_enabled="false"/>
      </camera>
      <camera id="18" sensor_id="0" component_id="0" label="1_DJI_0440">
        <transform>-9.8900021648082004e-01 -1.4784721498798881e-01 4.4466640515331418e-03 3.1762358447310048e+00 -1.4784098031392567e-01 9.8900968137615464e-01 1.7013771055697791e-03 -7.8684211223536536e+01 -4.6493376634963932e-03 1.0252631532184364e-03 -9.9998866618315108e-01 2.0055693589424470e-02 0 0 0 1</transform>
        <rotation_covariance>6.1325183334882976e-09 2.1101331536163496e-11 1.4611524844237992e-10 2.1101331536163435e-11 3.0981262983710328e-09 -2.0717335010362376e-10 1.4611524844237987e-10 -2.0717335010362379e-10 9.8829491243047590e-10</rotation_covariance>
        <location_covariance>1.4949771541788233e-07 -2.0529617502054321e-08 -5.8531082412243185e-07 -2.0529617502054321e-08 1.7468459509572229e-07 6.2975549710943901e-07 -5.8531082412243185e-07 6.2975549710943901e-07 3.1609955785321536e-05</location_covariance>
        <orientation>1</orientation>
        <reference x="-83.579736100000005" y="31.438098459999999" z="84.129999999999995" yaw="359.60000000000002" pitch="0.099999999999993788" roll="-0" enabled="true" rotation_enabled="false"/>
      </camera>
      <camera id="19" sensor_id="0" component_id="0" label="1_DJI_0441">
        <transform>9.1020577764262001e-01 4.1315595293219748e-01 2.8768053508719811e-02 6.2956424385715259e-01 4.1344423602693681e-01 -9.1051760459607223e-01 -4.6427811420945847e-03 -7.8556644997363804e+01 2.4275626502633464e-02 1.6119872124759391e-02 -9.9957533166869728e-01 -3.2325385543999802e-02 0 0 0 1</transform>
        <rotation_covariance>6.1359741655698440e-09 6.9436312608361470e-10 -2.3975720078505643e-10 6.9436312608361439e-10 3.5816300801490519e-09 3.4068050147119010e-10 -2.3975720078505638e-10 3.4068050147119005e-10 1.0135629979304697e-09</rotation_covariance>
        <location_covariance>1.5835161331590619e-07 -1.2888195020658808e-08 -5.1240797354869976e-07 -1.2888195020658808e-08 1.8244440720690165e-07 6.4024686243629299e-07 -5.1240797354869976e-07 6.4024686243629299e-07 3.1385825681221899e-05</location_covariance>
        <orientation>1</orientation>
        <reference x="-83.579657019999999" y="31.438093819999999" z="84.230000000000004" yaw="163.30000000000001" pitch="0.099999999999993788" roll="-0" enabled="true" rotation_enabled="false"/>
      </camera>
      <camera id="20" sensor_id="0" component_id="0" label="1_DJI_0442">
        <transform>-9.3859857750355924e-01 -3.4494205848028475e-01 6.9055484704583781e-03 2.6668003914992187e+01 -3.4499764381006554e-01 9.3855100861230478e-01 -9.9312636823313816e-03 1.1424683385088093e+01 -3.0554989440760116e-03 -1.1703867916573518e-02 -9.9992683902473289e-01 -1.4481980431625372e+00 0 0 0 1</transform>
        <rotation_covariance>2.3742676508650593e-09 5.0396713844108740e-10 -4.2293940940022675e-11 5.0396713844108740e-10 1.4156260403933448e-09 3.2701866822373122e-11 -4.2293940940022669e-11 3.2701866822373128e-11 1.9548882246903268e-10</rotation_covariance>
        <location_covariance>8.8954103243382417e-08 1.0155991068653320e-08 -7.5478558231368231e-07 1.0155991068653320e-08 7.1183680770088978e-08 -3.0384094519892917e-07 -7.5478558231368231e-07 -3.0384094519892917e-07 2.5789141739146133e-05</location_covariance>
        <orientation>1</orientation>
        <reference x="-83.580540780000007" y="31.435728730000001" z="82.329999999999998" yaw="343.60000000000002" pitch="0.099999999999993788" roll="-0" enabled="true" rotation_enabled="false"/>
      </camera>
      <camera id="21" sensor_id="0" component_id="0" label="1_DJI_0443">
        <transform>9.9370039569514712e-01 1.0830362199269264e-01 2.8807100835934719e-02 6.4573501842985381e-01 1.0855810584899929e-01 -9.9406243335782585e-01 -7.4172933875273350e-03 -7.6511126975364888e+01 2.7832737015701846e-02 1.0497811675922897e-02 -9.9955746943346480e-01 8.0414730050085096e-03 0 0 0 1</transform>
        <rotation_covariance>3.8366499801275549e-09 1.2764875269098113e-10 1.8527183118047122e-10 1.2764875269098126e-10 2.3839894520387628e-09 2.1584628547206978e-10 1.8527183118047122e-10 2.1584628547206981e-10 4.4883487716990241e-10</rotation_covariance>
        <location_covariance>1.1732106712039898e-07 -3.5659272110899694e-09 -5.6336005489910072e-07 -3.5659272110899694e-09 1.1577379314463954e-07 5.1705253479883420e-07 -5.6336005489910072e-07 5.1705253479883420e-07 3.1582905153245417e-05</location_covariance>
        <orientation>1</orientation>
        <reference x="-83.579659530000001" y="31.438038939999998" z="84.230000000000004" yaw="181.09999999999999" pitch="0.099999999999993788" roll="-0" enabled="true" rotation_enabled="false"/>
      </camera>
      <camera id="22" sensor_id="0" component_id="0" label="1_DJI_0444">
        <transform>-9.9808124391817166e-01 -6.1640345151638937e-02 5.8564825913690818e-03 2.6759084459028621e+01 -6.1664845934975718e-02 9.9808849478859629e-01 -4.0991885111146265e-03 9.3305166784457239e+00 -5.5926124997084407e-03 -4.4524622649459444e-03 -9.9997444880617203e-01 -1.3919156648747362e+00 0 0 0 1</transform>
        <rotation_covariance>2.7121530454108534e-09 1.6872280553241237e-10 -2.7435541746497431e-12 1.6872280553241234e-10 1.1301017031730354e-09 3.5875634025056259e-12 -2.7435541746497487e-12 3.5875634025056246e-12 1.5428919244902540e-10</rotation_covariance>
        <location_covariance>7.6485277937614954e-08 1.2055314711508951e-08 -6.3901152155536807e-07 1.2055314711508951e-08 6.3238071930690983e-08 -3.9430584864701301e-07 -6.3901152155536807e-07 -3.9430584864701301e-07 2.5513189698347387e-05</location_covariance>
        <orientation>1</orientation>
        <reference x="-83.580542100000002" y="31.435784510000001" z="82.329999999999998" yaw="0.30000000000000004" pitch="0.099999999999993788" roll="-0" enabled="true" rotation_enabled="false"/>
      </camera>
      <camera id="23" sensor_id="0" component_id="0" label="1_DJI_0445">
        <transform>9.9419216554439482e-01 1.0366531193226280e-01 2.8903997511300916e-02 6.4078334966676898e-01 1.0393905344664912e-01 -9.9455043298144907e-01 -8.1307702603349852e-03 -7.4495749791020884e+01 2.7903604404471861e-02 1.1087802234815536e-02 -9.9954912310643373e-01 -4.0970587953160893e-02 0 0 0 1</transform>
        <rotation_covariance>2.6793348373514307e-09 -1.2419856183307997e-10 5.2670119090426236e-11 -1.2419856183307997e-10 2.0716892984096254e-09 5.8369306070869669e-11 5.2670119090426236e-11 5.8369306070869669e-11 2.6302202468672945e-10</rotation_covariance>
        <location_covariance>9.8410332544189108e-08 -6.3197392780973386e-09 -5.5133388581813315e-07 -6.3197392780973386e-09 8.7586192215454473e-08 4.9402918032573713e-07 -5.5133388581813315e-07 4.9402918032573713e-07 3.0526251755460153e-05</location_covariance>
        <orientation>1</orientation>
        <reference x="-83.579660829999995" y="31.43798683" z="84.230000000000004" yaw="181" pitch="0.099999999999993788" roll="-0" enabled="true" rotation_enabled="false"/>
      </camera>
      <camera id="24" sensor_id="0" component_id="0" label="1_DJI_0446">
