<?xml version="1.0" encoding="UTF-8"?>
<document version="1.5.0">
  <chunk label="Chunk 1" enabled="true">
    <sensors next_id="1">
      <sensor id="0" label="FC6310S (8.8mm)" type="frame">
        <resolution width="5472" height="3648"/>
        <property name="pixel_width" value="0.0024122807017543861"/>
        <property name="pixel_height" value="0.0024122807017543861"/>
        <property name="focal_length" value="8.8000000000000007"/>
        <property name="layer_index" value="0"/>
        <bands>
          <band label="Red"/>
          <band label="Green"/>
          <band label="Blue"/>
        </bands>
        <data_type>uint8</data_type>
        <calibration type="frame" class="adjusted">
          <resolution width="5472" height="3648"/>
          <f>3207.1871076892567</f>
          <cx>-3.8487930416345391</cx>
          <cy>-5.5386900295314891</cy>
          <k1>-0.0084626443175250081</k1>
          <k2>0.001958027886134426</k2>
          <k3>0.0023005249463339365</k3>
          <p1>0.00074778470313060499</p1>
          <p2>-0.00074469794914433811</p2>
        </calibration>
        <covariance>
          <params>f cx cy k1 k2 k3 p1 p2</params>
          <coeffs>1.9463161390635481e+01 3.7783149704093955e-01 2.5897319344475317e-01 -1.0711451049968871e-04 4.7325878088877839e-05 8.3956190166437400e-05 4.2101151218486320e-06 -4.9471151520450413e-06 3.7783149704093955e-01 1.3019040660544467e-02 5.4843542791499292e-03 -2.0771586507572758e-06 9.1254770622621147e-07 1.6345619287211221e-06 7.9226825469527038e-08 -9.5945776927592741e-08 2.5897319344475317e-01 5.4843542791499292e-03 5.9500013098209197e-03 -1.4253465233829614e-06 6.2719419616411340e-07 1.1200385506519316e-06 5.5012575104721805e-08 -6.6794693357750488e-08 -1.0711451049968871e-04 -2.0771586507572758e-06 -1.4253465233829614e-06 6.1763502342525958e-10 -3.1852321749007886e-10 -4.2674784335506865e-10 -2.3141554788427911e-11 2.7207735900165673e-11 4.7325878088877839e-05 9.1254770622621147e-07 6.2719419616411340e-07 -3.1852321749007886e-10 2.4971132453926734e-10 1.1796497166274389e-10 1.0204180647858970e-11 -1.2026317562537922e-11 8.3956190166437400e-05 1.6345619287211221e-06 1.1200385506519316e-06 -4.2674784335506865e-10 1.1796497166274389e-10 4.1939608890783929e-10 1.8161969570988002e-11 -2.1321757529050829e-11 4.2101151218486320e-06 7.9226825469527038e-08 5.5012575104721805e-08 -2.3141554788427911e-11 1.0204180647858970e-11 1.8161969570988002e-11 1.1696573145775673e-12 -1.1324614298529633e-12 -4.9471151520450413e-06 -9.5945776927592741e-08 -6.6794693357750488e-08 2.7207735900165673e-11 -1.2026317562537922e-11 -2.1321757529050829e-11 -1.1324614298529633e-12 1.8880824053873295e-12</coeffs>
        </covariance>
        <meta>
          <property name="Exif/BodySerialNumber" value="91729d101b4029bd904de8ef6494c684"/>
          <property name="Exif/Make" value="DJI"/>
          <property name="Exif/Model" value="FC6310S"/>
          <property name="Exif/Software" value="v01.08.1719"/>
        </meta>
      </sensor>
    </sensors>
    <components next_id="4" active_id="3">
      <component id="3" label="Component 1">
        <transform>
          <rotation locked="true">-9.8250479772385702e-01 3.2584122557338516e-02 1.8336465691831591e-01 -1.7450825903960226e-01 -5.0495862452216100e-01 -8.4531867070806721e-01 6.5047597777093014e-02 -8.6252829662443853e-01 5.0181046974487720e-01</rotation>
          <translation locked="true">6.0906488662698225e+05 -5.4128648257374950e+06 3.3072619318638826e+06</translation>
          <scale locked="true">1.4081676898555708e+00</scale>
        </transform>
        <region>
          <center>2.3304670252124740e+00 -8.4145030114975313e+01 -1.4896011391724294e+01</center>
          <size>2.7481476071675615e+02 1.4392554028828940e+02 6.0199831136067701e+01</size>
          <R>-3.8593606476461526e-02 -9.9913852546385129e-01 -1.5255834066392041e-02 9.9535910913878323e-01 -3.7091819187133161e-02 -8.8794373717239305e-02 8.8152012986589118e-02 -1.8611928522060072e-02 9.9593313968514074e-01</R>
        </region>
        <partition>
          <camera_ids>0 5 6 161 170 377 557 558 559 560 718 725 745 746 1008</camera_ids>
          <partition>
            <partition>
              <partition>
                <partition>
                  <camera_ids>436 437 438 439 440 441 442 443 444 445 446 447 448 449 450 451 452 453 454 455 456 457 458 459 460 461 462 481 482 483 484 485 486 487 488 489 490 491 492 493 494 495 496 497 498 499 500 501 502 503 504 505 506 507 508 1091 1092 1093 1094 1095 1096 1097 1098 1099 1100 1101 1102 1103 1104 1105 1106 1107 1108 1109 1110 1111 1112 1272 1273 1274 1275 1276 1277 1278 1279 1280 1281 1282 1283 1284 1285 1286 1287 1288 1289 1290 1291 1292 1293 1294 1295</camera_ids>
                </partition>
                <partition>
                  <camera_ids>1059 1060 1061 1062 1063 1064 1065 1066 1067 1068 1069 1070 1071 1072 1073 1074 1075 1076 1077 1078 1079 1080 1081 1082 1083 1084 1085 1086 1087 1088 1089 1090 1113 1114 1115 1116 1117 1118 1119 1120 1121 1122 1123 1124 1125 1126 1127 1128 1129 1130 1131 1132 1133 1134</camera_ids>
                </partition>
              </partition>
              <partition>
                <partition>
                  <camera_ids>123 125 128 129 130 131 133 135 141 143 237 238 241 242 243 244 248 251 252 253 254 255 260 261 263 264 265 266 677 678 680 682 683 688 690 692 693 694 695 696 698 792 795 796 801 802 803 805 806 812 813 814 815 818 823</camera_ids>
                </partition>
                <partition>
                  <camera_ids>57 58 59 61 66 68 72 78 79 80 81 83 85 86 90 94 95 97 100 101 103 107 109 111 114 115 116 117 120 463 464 465 466 467 468 469 470 471 472 473 474 475 476 477 478 479 480 616 618 619 620 621 623 625 626 627 629 630 631 632 633 638 640 643 644 645 647 648 649 652 654 655 658 660 661 662 664 666 668 669 674 675</camera_ids>
                </partition>
                <partition>
                  <camera_ids>8 9 11 15 16 17 19 20 23 26 29 33 34 35 38 39 48 49 53 171 177 178 179 185 188 509 510 511 512 513 514 515 516 517 518 519 520 521 522 523 524 525 526 527 528 529 530 531 532 533 534 535 536 537 538 539 540 563 566 568 569 570 574 577 578 580 581 583 584 586 587 588 592 593 596 597 598 599 600 601 602 603 606 607 608 610 611 612 728 729 730 731 732 736 737 738 739 740 742 743</camera_ids>
                </partition>
                <partition>
                  <camera_ids>144 147 148 149 152 153 155 156 157 160 195 196 198 199 203 205 206 207 208 212 222 224 225 227 228 235 269 271 272 273 275 278 279 281 284 286 287 288 289 290 291 292 295 297 299 300 304 305 701 702 706 707 710 714 715 747 748 749 750 753 756 757 758 760 765 766 767 769 770 771 772 773 774 775 776 777 779 782 785 786 787 788 789 790 824 826 830 832 833 836 838 839 841 849 850 852 854 857 858 859 862</camera_ids>
                </partition>
              </partition>
            </partition>
            <partition>
              <partition>
                <partition>
                  <camera_ids>60 62 63 64 65 67 69 70 71 73 74 75 76 77 82 108 110 112 113 118 119 121 122 124 126 127 132 134 615 617 622 624 628 634 635 636 637 639 663 665 667 670 671 672 673 676 679 681 684 685 686 687 689 691</camera_ids>
                </partition>
                <partition>
                  <camera_ids>217 218 219 220 221 223 778 780 868 869 870 871 872 873 874 952 953 954 955 956 957 958 959 960 961 962 963 964 965 966 967 968 969 970 971 972 973 974 975 976 977 978 979 980 981 982 983 984 985 986 987 1026 1027 1028 1029 1030 1031 1032 1033 1034 1035 1036 1037 1038 1039 1040 1041 1042 1043 1044 1045 1046 1047 1048 1049 1050 1051 1052 1053 1054 1055 1056 1057 1058</camera_ids>
                </partition>
              </partition>
              <partition>
                <partition>
                  <camera_ids>3 4 7 10 12 13 14 18 21 22 24 25 27 28 30 31 32 36 37 40 41 42 43 44 45 46 47 50 51 52 54 55 56 162 163 166 169 561 562 564 565 567 571 572 573 575 576 579 582 585 589 590 591 594 595 604 605 609 613 614 720 721 723 724</camera_ids>
                </partition>
                <partition>
                  <camera_ids>172 173 174 175 176 180 181 182 726 727 733 734 735 875 876 877 878 879 880 881 882 883 884 885 886 887 888 889 890 891 892 893 894 895 896 897 898 899 900 901 902 903 904 905 906 907 908 909 910 911 912 913 914 915 916 917 918 919 920 921 922 923 924 925 926 927 928 929 930 931 932 933 934 935 936 937 938 939 940 941 942 943 944 945 946 947 948 949 950 951</camera_ids>
                </partition>
                <partition>
                  <camera_ids>136 137 138 139 140 142 145 146 150 151 154 158 159 183 184 186 187 189 190 191 192 193 194 197 200 201 202 204 209 210 211 213 214 215 216 697 699 700 703 704 705 708 709 711 712 713 716 717 741 744 751 752 754 755 759 761 762 763 764 768</camera_ids>
                </partition>
              </partition>
              <partition>
                <partition>
                  <camera_ids>226 229 230 231 232 233 234 236 239 240 245 246 247 249 250 282 283 285 293 294 296 298 301 302 303 306 781 783 784 791 793 794 797 798 799 800 804 807 808 809 837 840 842 843 844 845 846 847 848 851 853 855 856 860 861 863 864 865 866 867</camera_ids>
                </partition>
                <partition>
                  <camera_ids>84 87 88 89 91 92 93 96 98 99 102 104 105 106 256 257 258 259 262 267 268 270 274 276 277 280 641 642 646 650 651 653 656 657 659 810 811 816 817 819 820 821 822 825 827 828 829 831 834 835 988 989 990 991 992 993 994 995 996 997 998 999 1000 1001 1002 1003 1004 1005 1006 1007</camera_ids>
                </partition>
              </partition>
            </partition>
            <partition>
              <partition>
                <partition>
                  <camera_ids>307 308 309 310 311 312 313 314 315 316 317 318 319 320 321 322 323 324 325 326 327 328 329 330 422 423 424 425 426 427 428 429 430 431 432 433 434 435 1248 1249 1250 1251 1252 1253 1254 1255 1256 1257 1258 1259 1260 1261 1262 1263 1264 1265 1266 1267 1268 1269 1270 1271 1296 1297 1298 1299 1300 1301 1302 1303 1304 1305</camera_ids>
                </partition>
                <partition>
                  <camera_ids>1135 1136 1137 1138 1139 1140 1141 1142 1143 1144 1145 1146 1147 1148 1149 1150 1151 1152 1153 1154 1155 1156 1157 1158 1159 1160 1161 1162 1163 1164 1165 1166 1167 1168 1169 1170 1213 1214 1215 1216 1217 1218 1219 1220 1221 1222 1223 1224 1225 1226 1227 1228 1229 1230 1231 1232 1233 1234 1235 1236 1237 1238 1239 1240 1241 1242 1243 1244 1245 1246 1247</camera_ids>
                </partition>
              </partition>
              <partition>
                <partition>
                  <camera_ids>362 363 364 365 366 367 368 369 370 371 372 373 374 375 376 1009 1010 1011 1012 1013 1014 1015 1016 1017 1018 1019 1020 1021 1022 1023 1024 1025 1171 1172 1173 1174 1175 1176 1177 1178 1179 1180 1181 1182 1183 1184 1185 1186 1187 1188 1189 1190 1191 1192 1193 1194 1195 1196 1197 1198 1199 1200 1201 1202 1203 1204 1205 1206 1207 1208 1209 1210 1211 1212</camera_ids>
                </partition>
                <partition>
                  <camera_ids>1 2 331 332 333 334 335 336 337 338 339 340 341 342 343 344 345 346 347 348 349 350 351 352 353 354 355 356 357 358 359 360 361 378 379 380 381 382 383 384 385 386 387 388 389 390 391 392 393 394 395 396 397 398 399 400 401 402 403 404 405 406 407 408 409 410 411 412 413 414 415 416 417 418 419 420 421 548 549 550 551 552 553 554 555 556</camera_ids>
                </partition>
              </partition>
            </partition>
          </partition>
          <partition>
            <camera_ids>541 542 543 544 545 546 547</camera_ids>
          </partition>
          <partition>
            <camera_ids>164 165 167 168 719 722</camera_ids>
          </partition>
        </partition>
      </component>
    </components>
    <cameras next_id="1306" next_group_id="0">
      <camera id="0" sensor_id="0" label="1_DJI_0250" enabled="false">
        <orientation>1</orientation>
        <reference x="-83.580616149999997" y="31.436175009999999" z="62.890000000000001" yaw="180.70000000000002" pitch="0.099999999999993788" roll="-0" enabled="true" rotation_enabled="false"/>
      </camera>
      <camera id="1" sensor_id="0" component_id="3" label="1_DJI_0251">
        <transform>-9.7738327419511628e-01 -1.8533270170712482e-01 -1.0185148502389513e-01 -1.1551392903125503e+01 -1.8876998477634269e-01 9.8169972942283656e-01 2.5130342191630239e-02 -1.7556416059204579e+02 9.5330101076072579e-02 4.3788479410307890e-02 -9.9448214709956395e-01 -3.2199521357359355e+00 0 0 0 1</transform>
        <rotation_covariance>8.9109328205501621e-09 -2.8234437907146638e-09 1.1412094461218146e-09 -2.8234437907146634e-09 1.6354092107423959e-08 -8.1456196991703814e-10 1.1412094461218146e-09 -8.1456196991703835e-10 1.7997120230275399e-09</rotation_covariance>
        <location_covariance>1.3738663334095761e-06 -7.7606363739930773e-08 3.7761013505407185e-06 -7.7606363739930773e-08 6.6224269031879498e-07 1.0822207064329222e-08 3.7761013505407185e-06 1.0822207064329222e-08 4.0082880393152884e-05</location_covariance>
        <orientation>1</orientation>
        <reference x="-83.579754370000003" y="31.438017039999998" z="64.620000000000005" yaw="0.40000000000000008" pitch="0.099999999999993788" roll="-0" enabled="true" rotation_enabled="false"/>
      </camera>
      <camera id="2" sensor_id="0" component_id="3" label="1_DJI_0252">
        <transform>-9.7565468738015682e-01 -1.9429805926918933e-01 -1.0171624824655438e-01 -1.1509120858608442e+01 -1.9779987205556107e-01 9.7991180299118663e-01 2.5457198851527696e-02 -1.7757086517208671e+02 9.4726667881498527e-02 4.4956896276201849e-02 -9.9448767507158120e-01 -3.2573398633859254e+00 0 0 0 1</transform>
        <rotation_covariance>2.0269509558345647e-08 -3.2566922286558584e-09 5.5165945563974757e-09 -3.2566922286558568e-09 1.8025311964818233e-08 -1.0462879869556886e-09 5.5165945563974766e-09 -1.0462879869556884e-09 5.1029788638051607e-09</rotation_covariance>
        <location_covariance>1.5523917463694991e-06 -1.6938283237925143e-07 3.7556723451006430e-06 -1.6938283237925143e-07 1.1186140530110589e-06 1.7821169217243394e-07 3.7556723451006430e-06 1.7821169217243394e-07 4.0942139541847717e-05</location_covariance>
        <orientation>1</orientation>
        <reference x="-83.57975424" y="31.438042679999999" z="64.519999999999996" yaw="359.89999999999998" pitch="0.099999999999993788" roll="-0" enabled="true" rotation_enabled="false"/>
      </camera>
      <camera id="3" sensor_id="0" component_id="3" label="1_DJI_0253">
        <transform>9.9637790579108820e-01 3.3034036461391428e-02 -7.8357011724754275e-02 4.2887548774618530e+01 3.3418186004301659e-02 -9.9943498726037761e-01 3.5959816505420905e-03 -2.2663415391911645e+01 -7.8193949225932521e-02 -6.2015058587894800e-03 -9.9691887715577732e-01 -3.8098604921053427e+00 0 0 0 1</transform>
        <rotation_covariance>6.8874820010159450e-10 4.1586132551890592e-10 -1.6279999353674746e-12 4.1586132551890592e-10 1.8165239662236396e-09 3.1599149940936254e-11 -1.6279999353674746e-12 3.1599149940936267e-11 1.7170503714622438e-10</rotation_covariance>
        <location_covariance>8.4603229887855378e-07 -2.0722559856127267e-07 7.9736872253200634e-06 -2.0722559856127267e-07 2.5327436417765367e-07 -2.6141235817342683e-06 7.9736872253200634e-06 -2.6141235817342683e-06 1.0339552266838943e-04</location_covariance>
        <orientation>1</orientation>
        <reference x="-83.580614769999997" y="31.436094489999999" z="62.390000000000001" yaw="179.69999999999996" pitch="0.099999999999993788" roll="-0" enabled="true" rotation_enabled="false"/>
      </camera>
      <camera id="4" sensor_id="0" component_id="3" label="1_DJI_0254">
        <transform>9.9613904172490608e-01 3.9337809455786812e-02 -7.8482777082660896e-02 4.2739026367553691e+01 3.9690448154723994e-02 -9.9920770511319656e-01 2.9377487463147500e-03 -2.0784559831008274e+01 -7.8305030979264667e-02 -6.0414228158203742e-03 -9.9691114114232715e-01 -3.7175896676083786e+00 0 0 0 1</transform>
        <rotation_covariance>6.2298393458607087e-10 4.1661543503179159e-10 4.6858145327836843e-13 4.1661543503179154e-10 1.7719309427585336e-09 3.0626779731249275e-11 4.6858145327837651e-13 3.0626779731249275e-11 1.5479786379125162e-10</rotation_covariance>
        <location_covariance>8.6591346047320095e-07 -2.0450601813514575e-07 8.2120202617866641e-06 -2.0450601813514575e-07 2.4585593560634978e-07 -2.5859221777716944e-06 8.2120202617866641e-06 -2.5859221777716944e-06 1.0586329376253567e-04</location_covariance>
        <orientation>1</orientation>
        <reference x="-83.580614359999998" y="31.43607106" z="62.390000000000001" yaw="179.59999999999997" pitch="0.099999999999993788" roll="-0" enabled="true" rotation_enabled="false"/>
      </camera>
      <camera id="5" sensor_id="0" label="1_DJI_0255" enabled="false">
        <orientation>1</orientation>
        <reference x="-83.579676460000002" y="31.43809139" z="64.620000000000005" yaw="173.09999999999999" pitch="0.099999999999993788" roll="-0" enabled="true" rotation_enabled="false"/>
      </camera>
      <camera id="6" sensor_id="0" label="1_DJI_0256" enabled="false">
        <orientation>1</orientation>
        <reference x="-83.579673909999997" y="31.438065770000001" z="64.620000000000005" yaw="180.30000000000004" pitch="0.099999999999993788" roll="-0" enabled="true" rotation_enabled="false"/>
      </camera>
      <camera id="7" sensor_id="0" component_id="3" label="1_DJI_0257">
        <transform>9.9587480016245333e-01 4.5578073090491285e-02 -7.8460318981962179e-02 4.2631114011980245e+01 4.5872741816238044e-02 -9.9894537585108423e-01 1.9564314444882047e-03 -1.4683877463870003e+01 -7.8288402459458728e-02 -5.5475507292907511e-03 -9.9691531772826714e-01 -3.6329671650613120e+00 0 0 0 1</transform>
        <rotation_covariance>5.7854913771292039e-10 4.4199806403359299e-10 1.0534228484354295e-11 4.4199806403359288e-10 1.7169713585608190e-09 3.2371833521163205e-11 1.0534228484354284e-11 3.2371833521163198e-11 1.3550726951506006e-10</rotation_covariance>
        <location_covariance>8.9265417139306429e-07 -2.0312413007529068e-07 8.5166771847352817e-06 -2.0312413007529068e-07 2.4443617056004830e-07 -2.5919958001052726e-06 8.5166771847352817e-06 -2.5919958001052726e-06 1.0921571815161777e-04</location_covariance>
        <orientation>1</orientation>
        <reference x="-83.580615019999996" y="31.435993870000001" z="62.390000000000001" yaw="179.90000000000001" pitch="0.099999999999993788" roll="-0" enabled="true" rotation_enabled="false"/>
      </camera>
      <camera id="8" sensor_id="0" component_id="3" label="1_DJI_0258">
        <transform>9.8524696917024723e-01 1.5004223733869618e-01 -8.2314863513458320e-02 -1.6810892279949901e+01 1.5202786935302950e-01 -9.8820540664525147e-01 1.8373927644136173e-02 -1.7501172739767816e+02 -7.8587127958839903e-02 -3.0617009839175008e-02 -9.9643698347044951e-01 -2.7883573315375547e+00 0 0 0 1</transform>
        <rotation_covariance>1.7552199265675028e-08 -1.8736473100624644e-09 1.8809322272545419e-09 -1.8736473100624631e-09 3.4927559168753787e-08 1.1630563454690173e-09 1.8809322272545419e-09 1.1630563454690175e-09 3.3833045139234919e-09</rotation_covariance>
        <location_covariance>1.9610201882274079e-06 -3.6396931538668397e-10 2.9309004640551030e-06 -3.6396931538668397e-10 9.1012642919556194e-07 -7.2574668957566789e-08 2.9309004640551030e-06 -7.2574668957566789e-08 3.8500565611415439e-05</location_covariance>
        <orientation>1</orientation>
        <reference x="-83.579675069999993" y="31.438011299999999" z="64.620000000000005" yaw="179.80000000000001" pitch="0.099999999999993788" roll="-0" enabled="true" rotation_enabled="false"/>
      </camera>
      <camera id="9" sensor_id="0" component_id="3" label="1_DJI_0259">
        <transform>9.8778325467125128e-01 1.3248008986832482e-01 -8.2056490173235630e-02 -1.6834198018135044e+01 1.3437654372102675e-01 -9.9076661805508692e-01 1.8012580194874561e-02 -1.7287921442736135e+02 -7.8912523015429739e-02 -2.8818992629278006e-02 -9.9646489119043868e-01 -2.7872776872018901e+00 0 0 0 1</transform>
        <rotation_covariance>1.6311069078293060e-08 -1.8275567642557778e-09 1.4213185364246465e-09 -1.8275567642557780e-09 3.4502622025407931e-08 9.2850541210565241e-10 1.4213185364246463e-09 9.2850541210565252e-10 2.8971562673493019e-09</rotation_covariance>
        <location_covariance>1.8034388656488624e-06 -2.5114816939905552e-08 2.7828900813955703e-06 -2.5114816939905552e-08 8.1530505714661958e-07 -2.0614235431294316e-07 2.7828900813955703e-06 -2.0614235431294316e-07 3.7066863599116806e-05</location_covariance>
        <orientation>1</orientation>
        <reference x="-83.579675449999996" y="31.437984579999998" z="64.620000000000005" yaw="180.70000000000002" pitch="0.099999999999993788" roll="-0" enabled="true" rotation_enabled="false"/>
      </camera>
      <camera id="10" sensor_id="0" component_id="3" label="1_DJI_0260">
        <transform>9.9542187957043549e-01 5.3199319258427621e-02 -7.9404748616830612e-02 4.2463211514196423e+01 5.3501876933582292e-02 -9.9856632528067468e-01 1.6861731922012957e-03 -8.4846261503897669e+00 -7.9201204770167330e-02 -5.9267567767011808e-03 -9.9684103181854633e-01 -3.4024289047385867e+00 0 0 0 1</transform>
        <rotation_covariance>6.0262154648851967e-10 4.4895919079520453e-10 1.7151719259422397e-11 4.4895919079520468e-10 1.6252477744192386e-09 2.8545900273707770e-11 1.7151719259422391e-11 2.8545900273707773e-11 1.3358886986128184e-10</rotation_covariance>
        <location_covariance>9.9239073087312882e-07 -2.2322651024578716e-07 9.3653276272753673e-06 -2.2322651024578716e-07 2.6132987682793632e-07 -2.7836251770513743e-06 9.3653276272753673e-06 -2.7836251770513743e-06 1.1690336164927246e-04</location_covariance>
        <orientation>1</orientation>
        <reference x="-83.580614909999994" y="31.435914650000001" z="62.490000000000002" yaw="179.80000000000001" pitch="0.099999999999993788" roll="-0" enabled="true" rotation_enabled="false"/>
      </camera>
      <camera id="11" sensor_id="0" component_id="3" label="1_DJI_0261">
        <transform>9.8793162668808931e-01 1.3131791827569186e-01 -8.2138330450311145e-02 -1.6895830009240537e+01 1.3315077657387092e-01 -9.9094608719887556e-01 1.7225648406184069e-02 -1.6746645632270028e+02 -7.9132620879135029e-02 -2.7954545336618675e-02 -9.9647206268305488e-01 -2.6783654411394080e+00 0 0 0 1</transform>
        <rotation_covariance>1.4575951492891402e-08 -2.4829881148670443e-09 1.5067295386398974e-09 -2.4829881148670439e-09 3.3414933256231848e-08 7.7750827060381857e-10 1.5067295386398976e-09 7.7750827060381846e-10 2.2503639084069262e-09</rotation_covariance>
        <location_covariance>1.6649826888741618e-06 -1.1933857172328333e-07 2.7430204841683648e-06 -1.1933857172328333e-07 8.5487031861145770e-07 -5.1931182539499525e-07 2.7430204841683648e-06 -5.1931182539499525e-07 3.5816872625701106e-05</location_covariance>
        <orientation>1</orientation>
        <reference x="-83.579676169999999" y="31.43791615" z="64.620000000000005" yaw="179.90000000000001" pitch="0.099999999999993788" roll="-0" enabled="true" rotation_enabled="false"/>
      </camera>
      <camera id="12" sensor_id="0" component_id="3" label="1_DJI_0262">
        <transform>9.9551612715541782e-01 5.1015827107547637e-02 -7.9655671223149926e-02 4.2325947229166871e+01 5.1252001652919425e-02 -9.9868532701180945e-01 9.2192075806568630e-04 -4.5062507357706316e+00 -7.9503917513836342e-02 -5.0002995758068325e-03 -9.9682201224897971e-01 -3.3673429165691253e+00 0 0 0 1</transform>
        <rotation_covariance>6.4740718612701499e-10 4.6306338519142540e-10 1.6367748860179513e-11 4.6306338519142535e-10 1.6031413857323987e-09 2.8466492470916104e-11 1.6367748860179513e-11 2.8466492470916108e-11 1.3355810567990189e-10</rotation_covariance>
        <location_covariance>1.0263201385011807e-06 -2.1891046354892204e-07 9.5812971295346389e-06 -2.1891046354892204e-07 2.6893861526321647e-07 -2.7303033570208685e-06 9.5812971295346389e-06 -2.7303033570208685e-06 1.1866685106141418e-04</location_covariance>
        <orientation>1</orientation>
        <reference x="-83.580614670000003" y="31.4358644" z="62.390000000000001" yaw="180.30000000000004" pitch="0.099999999999993788" roll="-0" enabled="true" rotation_enabled="false"/>
      </camera>
      <camera id="13" sensor_id="0" component_id="3" label="1_DJI_0263">
        <transform>9.9532914459119359e-01 5.5163640299612030e-02 -7.9226679321152391e-02 4.2273787701864791e+01 5.5391015315025438e-02 -9.9846451208652276e-01 6.7344353354992226e-04 -2.5284970500066613e+00 -7.9067878115782975e-02 -5.0587441838151892e-03 -9.9685639876441090e-01 -3.3353529333576053e+00 0 0 0 1</transform>
        <rotation_covariance>6.7272677836538300e-10 4.8434752962312405e-10 1.6429923599326406e-11 4.8434752962312405e-10 1.6390904974147100e-09 2.8857366238729659e-11 1.6429923599326390e-11 2.8857366238729639e-11 1.3395615281373466e-10</rotation_covariance>
        <location_covariance>1.0270019752263089e-06 -2.1586211803354826e-07 9.6037506451459284e-06 -2.1586211803354826e-07 2.7581753199620507e-07 -2.7332320228454391e-06 9.6037506451459284e-06 -2.7332320228454391e-06 1.2009925316692449e-04</location_covariance>
        <orientation>1</orientation>
        <reference x="-83.580614760000003" y="31.435838839999999" z="62.490000000000002" yaw="180.09999999999999" pitch="0.099999999999993788" roll="-0" enabled="true" rotation_enabled="false"/>
      </camera>
      <camera id="14" sensor_id="0" component_id="3" label="1_DJI_0264">
        <transform>9.9555108097521794e-01 5.2254355547265777e-02 -7.8406170008585060e-02 4.2209732209435053e+01 5.2406765577322940e-02 -9.9862581477331036e-01 -1.1397397580739654e-04 -4.1579597895663556e-01 -7.8304381044732835e-02 -3.9955468566367502e-03 -9.9692149114888584e-01 -3.3304424620725199e+00 0 0 0 1</transform>
        <rotation_covariance>6.9165637735384888e-10 5.0338303059612045e-10 1.5450504528215641e-11 5.0338303059612056e-10 1.7042443532484212e-09 3.1485515217472150e-11 1.5450504528215647e-11 3.1485515217472163e-11 1.3498464151689182e-10</rotation_covariance>
        <location_covariance>1.0056993260426524e-06 -1.9974500014386751e-07 9.4524331912777592e-06 -1.9974500014386751e-07 2.7873514882095846e-07 -2.6063490202515915e-06 9.4524331912777592e-06 -2.6063490202515915e-06 1.2078790973212352e-04</location_covariance>
        <orientation>1</orientation>
        <reference x="-83.580614979999993" y="31.435811860000001" z="62.390000000000001" yaw="180.19999999999999" pitch="0.099999999999993788" roll="-0" enabled="true" rotation_enabled="false"/>
      </camera>
      <camera id="15" sensor_id="0" component_id="3" label="1_DJI_0265">
        <transform>9.9029835619581297e-01 1.1201828521587469e-01 -8.2225722819357458e-02 -1.7084310520904445e+01 1.1372451373656590e-01 -9.9337771113409612e-01 1.6354143125402676e-02 -1.6010030996146367e+02 -7.9849237261557279e-02 -2.5546561398346102e-02 -9.9647953943343381e-01 -2.5615644444436225e+00 0 0 0 1</transform>
        <rotation_covariance>1.3279687540628094e-08 -2.2000258113465665e-09 1.5049844545258402e-09 -2.2000258113465665e-09 3.2873788390412751e-08 7.7941745209814021e-10 1.5049844545258402e-09 7.7941745209814010e-10 1.9586803037093357e-09</rotation_covariance>
        <location_covariance>1.6746943955809188e-06 -1.7285881174484099e-07 2.8703535165342068e-06 -1.7285881174484099e-07 1.2004669149765784e-06 -9.9911885310556316e-07 2.8703535165342068e-06 -9.9911885310556316e-07 3.4820968219959166e-05</location_covariance>
        <orientation>1</orientation>
        <reference x="-83.579675789999996" y="31.4378235" z="64.620000000000005" yaw="180.30000000000004" pitch="0.099999999999993788" roll="-0" enabled="true" rotation_enabled="false"/>
      </camera>
      <camera id="16" sensor_id="0" component_id="3" label="1_DJI_0266">
        <transform>9.9087242321817182e-01 1.0723689699837674e-01 -8.1682855165008394e-02 -1.7104915387243860e+01 1.0884031879844515e-01 -9.9393957866585469e-01 1.5423973722617113e-02 -1.5796794283840077e+02 -7.9533803565534522e-02 -2.4173578214709834e-02 -9.9653901690134361e-01 -2.5108928143258824e+00 0 0 0 1</transform>
        <rotation_covariance>1.3070547391307576e-08 -2.2313982593030032e-09 1.4683843890246554e-09 -2.2313982593030036e-09 3.2824117724376625e-08 7.9640778644131062e-10 1.4683843890246558e-09 7.9640778644131083e-10 1.8566038320112616e-09</rotation_covariance>
        <location_covariance>1.7031669256799678e-06 -1.9287679157332894e-07 2.9373007504987628e-06 -1.9287679157332894e-07 1.3799584406398579e-06 -1.1161835125457108e-06 2.9373007504987628e-06 -1.1161835125457108e-06 3.5120425117893527e-05</location_covariance>
        <orientation>1</orientation>
        <reference x="-83.579675879999996" y="31.437795120000001" z="64.519999999999996" yaw="180.40000000000003" pitch="0.099999999999993788" roll="-0" enabled="true" rotation_enabled="false"/>
      </camera>
      <camera id="17" sensor_id="0" component_id="3" label="1_DJI_0267">
        <transform>9.9010670585008853e-01 1.1400498785347082e-01 -8.1802040165365311e-02 -1.7143328328743085e+01 1.1560553472318832e-01 -9.9318059601137276e-01 1.5088540282606974e-02 -1.5589868690512611e+02 -7.9524030154738551e-02 -2.4396033510063142e-02 -9.9653437581295923e-01 -2.4313018507625070e+00 0 0 0 1</transform>
        <rotation_covariance>1.2647845589783858e-08 -2.4116175457440867e-09 1.3293918828693344e-09 -2.4116175457440871e-09 3.2673836526614994e-08 7.9376085375534623e-10 1.3293918828693347e-09 7.9376085375534634e-10 1.7198218963934319e-09</rotation_covariance>
        <location_covariance>1.7597877743485219e-06 -2.0971207373150215e-07 3.0943307928954439e-06 -2.0971207373150215e-07 1.5753633791644777e-06 -1.2496187761872938e-06 3.0943307928954439e-06 -1.2496187761872938e-06 3.5928906209727042e-05</location_covariance>
        <orientation>1</orientation>
        <reference x="-83.579676120000002" y="31.437769469999999" z="64.519999999999996" yaw="179.69999999999996" pitch="0.099999999999993788" roll="-0" enabled="true" rotation_enabled="false"/>
      </camera>
      <camera id="18" sensor_id="0" component_id="3" label="1_DJI_0268">
        <transform>-9.0782706302890503e-01 -4.0695230377347547e-01 -1.0119212462328070e-01 3.6634623898510426e+01 -4.0981893603740799e-01 9.1212802248473968e-01 8.4208231928524571e-03 6.0778835888006713e+00 8.8873299125661928e-02 4.9115100035930649e-02 -9.9483126390910193e-01 -2.6877643067739889e+00 0 0 0 1</transform>
        <rotation_covariance>1.4280401530116263e-09 2.9619626144250839e-10 1.5408782774911777e-11 2.9619626144250839e-10 9.0342734981886837e-10 4.9597239836139241e-12 1.5408782774911790e-11 4.9597239836139177e-12 1.3354863662926691e-10</rotation_covariance>
        <location_covariance>1.1142379813110069e-06 -2.4074314170841646e-07 1.0358086069738670e-05 -2.4074314170841646e-07 3.1146714590266426e-07 -3.0054954695820631e-06 1.0358086069738670e-05 -3.0054954695820631e-06 1.2578154082969838e-04</location_covariance>
        <orientation>1</orientation>
        <reference x="-83.580534880000002" y="31.435727069999999" z="62.490000000000002" yaw="339.69999999999999" pitch="0.099999999999993788" roll="-0" enabled="true" rotation_enabled="false"/>
      </camera>
      <camera id="19" sensor_id="0" component_id="3" label="1_DJI_0269">
        <transform>9.9074486656361271e-01 1.0909938204643940e-01 -8.0758493144276688e-02 -1.7219956445687853e+01 1.1065221006637480e-01 -9.9374605301564967e-01 1.4995683487063094e-02 -1.5172491204327522e+02 -7.8617414007813829e-02 -2.3793002183464695e-02 -9.9662088843342111e-01 -2.2603969781714150e+00 0 0 0 1</transform>
        <rotation_covariance>1.1877947234610350e-08 -2.4404887002884111e-09 1.1260043430569019e-09 -2.4404887002884107e-09 3.2623600615830268e-08 7.5668103655401189e-10 1.1260043430569015e-09 7.5668103655401240e-10 1.5293369325840884e-09</rotation_covariance>
        <location_covariance>1.8642558699510871e-06 -2.1685547039475693e-07 3.3303374331686145e-06 -2.1685547039475693e-07 1.9438192908263410e-06 -1.5216742676890424e-06 3.3303374331686145e-06 -1.5216742676890424e-06 3.7947722411684903e-05</location_covariance>
        <orientation>1</orientation>
        <reference x="-83.579676050000003" y="31.437716720000001" z="64.519999999999996" yaw="179.49999999999997" pitch="0.099999999999993788" roll="-0" enabled="true" rotation_enabled="false"/>
      </camera>
      <camera id="20" sensor_id="0" component_id="3" label="1_DJI_0270">
        <transform>9.9229161637690821e-01 9.4414455971923550e-02 -8.0269910748854312e-02 -1.7338471192689369e+01 9.5863103262866525e-02 -9.9529064293385860e-01 1.4380595297802001e-02 -1.4951303157037816e+02 -7.8534154995876293e-02 -2.1964666895536666e-02 -9.9666942358399457e-01 -2.2691730308285720e+00 0 0 0 1</transform>
        <rotation_covariance>1.1568792926169201e-08 -2.2119485537242355e-09 1.0545248511587966e-09 -2.2119485537242347e-09 3.2657600745117406e-08 7.3094502575857219e-10 1.0545248511587966e-09 7.3094502575857219e-10 1.4499157349484239e-09</rotation_covariance>
        <location_covariance>1.8800410470691883e-06 -2.1638605364156168e-07 3.3295048280029475e-06 -2.1638605364156168e-07 2.1545406008656293e-06 -1.5855881152385540e-06 3.3295048280029475e-06 -1.5855881152385540e-06 3.7437134012948695e-05</location_covariance>
        <orientation>1</orientation>
        <reference x="-83.579675359999996" y="31.437687610000001" z="64.620000000000005" yaw="180.09999999999999" pitch="0.099999999999993788" roll="-0" enabled="true" rotation_enabled="false"/>
      </camera>
      <camera id="21" sensor_id="0" component_id="3" label="1_DJI_0271">
        <transform>-9.9224224724233867e-01 -7.1759831568042678e-02 -1.0151772929296167e-01 3.6716889330176855e+01 -7.3811422119443054e-02 9.9713414213683726e-01 1.6594473469785792e-02 -2.3764127085009615e-01 1.0003597728906480e-01 2.3958905616913662e-02 -9.9469531721500615e-01 -2.7620462925556821e+00 0 0 0 1</transform>
        <rotation_covariance>1.9978732063014508e-09 -5.9239396186939927e-12 3.1271028249469153e-11 -5.9239396186939871e-12 7.5716625097634467e-10 2.8364824163250155e-13 3.1271028249469186e-11 2.8364824163249953e-13 1.1819663793529917e-10</rotation_covariance>
        <location_covariance>1.1303094119331831e-06 -3.3273188594673322e-07 1.0418329722178814e-05 -3.3273188594673322e-07 3.2201853456517050e-07 -3.8442227442233794e-06 1.0418329722178814e-05 -3.8442227442233794e-06 1.2136589222605198e-04</location_covariance>
        <orientation>1</orientation>
        <reference x="-83.580537160000006" y="31.435807449999999" z="62.490000000000002" yaw="0" pitch="0.099999999999993788" roll="-0" enabled="true" rotation_enabled="false"/>
      </camera>
      <camera id="22" sensor_id="0" component_id="3" label="1_DJI_0272">
        <transform>-9.9209605415385638e-01 -7.3345273881985903e-02 -1.0181301553104463e-01 3.6729187202329690e+01 -7.5548441595397850e-02 9.9698056474585395e-01 1.7949554076496593e-02 -2.3302132888277205e+00 1.0018908276281908e-01 2.5499496430611751e-02 -9.9464160549261682e-01 -2.8167018773247672e+00 0 0 0 1</transform>
        <rotation_covariance>2.0742028996514247e-09 -2.9044507112350738e-11 3.3655261950554253e-11 -2.9044507112350751e-11 7.7003202068181487e-10 5.6964963107052912e-12 3.3655261950554163e-11 5.6964963107052864e-12 1.1712278177572970e-10</rotation_covariance>
        <location_covariance>1.1176322663147471e-06 -3.5420758025962545e-07 1.0281673430982642e-05 -3.5420758025962545e-07 3.3044773590603513e-07 -4.0629763619602559e-06 1.0281673430982642e-05 -4.0629763619602559e-06 1.1905097469024920e-04</location_covariance>
        <orientation>1</orientation>
        <reference x="-83.580537269999994" y="31.435834530000001" z="62.490000000000002" yaw="359.89999999999998" pitch="0.099999999999993788" roll="-0" enabled="true" rotation_enabled="false"/>
      </camera>
      <camera id="23" sensor_id="0" component_id="3" label="1_DJI_0273">
        <transform>9.9254649624813673e-01 9.2847276013213603e-02 -7.8935645449149341e-02 -1.7439508872718335e+01 9.4222269128906508e-02 -9.9545458079612681e-01 1.3868726408963999e-02 -1.4327389449043645e+02 -7.7289176381609828e-02 -2.1202851434014826e-02 -9.9678323737175667e-01 -2.2906893270661075e+00 0 0 0 1</transform>
        <rotation_covariance>1.2010354724174264e-08 -2.3900706297928805e-09 1.0884255726510076e-09 -2.3900706297928805e-09 3.2255231539764040e-08 6.6305847105221623e-10 1.0884255726510080e-09 6.6305847105221602e-10 1.3357691249170147e-09</rotation_covariance>
        <location_covariance>1.9121158250035021e-06 -1.6116646899927881e-07 3.3105213182561169e-06 -1.6116646899927881e-07 2.6963691486627715e-06 -1.6104141229487070e-06 3.3105213182561169e-06 -1.6104141229487070e-06 3.6575939121276839e-05</location_covariance>
        <orientation>1</orientation>
        <reference x="-83.579676169999999" y="31.437608470000001" z="64.519999999999996" yaw="179.49999999999997" pitch="0.099999999999993788" roll="-0" enabled="true" rotation_enabled="false"/>
      </camera>
      <camera id="24" sensor_id="0" component_id="3" label="1_DJI_0274">
        <transform>-9.9228852504567033e-01 -6.9391289684142599e-02 -1.0270507279905647e-01 3.6766302265217043e+01 -7.1853948747599261e-02 9.9720506270685005e-01 2.0471271606917918e-02 -6.4727023898224445e+00 1.0099749062261637e-01 2.7693172945660094e-02 -9.9450117901394963e-01 -2.9179117176743792e+00 0 0 0 1</transform>
        <rotation_covariance>2.2345562061515183e-09 -1.1261969954454316e-10 3.6330914324217645e-11 -1.1261969954454316e-10 8.0139011953892837e-10 8.3102194614071217e-12 3.6330914324217690e-11 8.3102194614071217e-12 1.1509342347612134e-10</rotation_covariance>
        <location_covariance>1.1124252977330366e-06 -3.9476368404339021e-07 1.0127532267091415e-05 -3.9476368404339021e-07 3.4926653867016272e-07 -4.4220006307638570e-06 1.0127532267091415e-05 -4.4220006307638570e-06 1.1485004562269482e-04</location_covariance>
        <orientation>1</orientation>
        <reference x="-83.58053726" y="31.435886889999999" z="62.390000000000001" yaw="0.20000000000000001" pitch="0.099999999999993788" roll="-0" enabled="true" rotation_enabled="false"/>
      </camera>
      <camera id="25" sensor_id="0" component_id="3" label="1_DJI_0275">
        <transform>-9.9184136106967813e-01 -7.5211120782190777e-02 -1.0292716736670808e-01 3.6787760470680418e+01 -7.7794319357096103e-02 9.9674161568059660e-01 2.1311861631506196e-02 -8.5378963575995979e+00 1.0098890209925919e-01 2.9145134776168619e-02 -9.9446055868076799e-01 -2.9661748742396381e+00 0 0 0 1</transform>
        <rotation_covariance>2.2874937089606481e-09 -1.2909068462016434e-10 3.9208188518442532e-11 -1.2909068462016434e-10 8.0802952559196819e-10 7.6549530926407053e-12 3.9208188518442513e-11 7.6549530926407037e-12 1.1343488759396992e-10</rotation_covariance>
        <location_covariance>1.0982939386987494e-06 -4.0538547452455030e-07 9.9890379265078430e-06 -4.0538547452455030e-07 3.5549404102617571e-07 -4.5180642792928732e-06 9.9890379265078430e-06 -4.5180642792928732e-06 1.1290765041466492e-04</location_covariance>
        <orientation>1</orientation>
        <reference x="-83.580537019999994" y="31.435912930000001" z="62.390000000000001" yaw="0" pitch="0.099999999999993788" roll="-0" enabled="true" rotation_enabled="false"/>
      </camera>
      <camera id="26" sensor_id="0" component_id="3" label="1_DJI_0276">
