<?xml version="1.0" encoding="UTF-8"?>
<document version="1.5.0">
  <chunk label="Chunk 1" enabled="true">
    <sensors next_id="1">
      <sensor id="0" label="FC6310S (8.8mm)" type="frame">
        <resolution width="5472" height="3648"/>
        <property name="pixel_width" value="0.0024122807017543861"/>
        <property name="pixel_height" value="0.0024122807017543861"/>
        <property name="focal_length" value="8.8000000000000007"/>
        <property name="layer_index" value="0"/>
        <bands>
          <band label="Red"/>
          <band label="Green"/>
          <band label="Blue"/>
        </bands>
        <data_type>uint8</data_type>
        <calibration type="frame" class="adjusted">
          <resolution width="5472" height="3648"/>
          <f>2739.6408297853277</f>
          <cx>-8.9634792900961653</cx>
          <cy>-8.2940471884155009</cy>
          <k1>-0.005734547867866222</k1>
          <k2>0.00083008995774463653</k2>
          <k3>0.00097289555840035806</k3>
          <p1>0.00066079983900359045</p1>
          <p2>-0.00067383390286984235</p2>
        </calibration>
        <covariance>
          <params>f cx cy k1 k2 k3 p1 p2</params>
          <coeffs>2.7521530802495054e+01 4.6855437263883420e-01 2.9217854428361639e-01 -1.2230476162992541e-04 3.3805373891507482e-05 5.8573151958149117e-05 6.3305909228981225e-06 -7.2025292090062236e-06 4.6855437263883420e-01 1.4880247989029718e-02 4.7963329305777480e-03 -2.0864765576572550e-06 5.8499107924471517e-07 9.9284584689026839e-07 1.0567393858918201e-07 -1.2329926881076349e-07 2.9217854428361639e-01 4.7963329305777480e-03 7.6984908465624847e-03 -1.2999511134951857e-06 3.5880206516739572e-07 6.2315852057305909e-07 6.7417350087771724e-08 -8.0696119671904682e-08 -1.2230476162992541e-04 -2.0864765576572550e-06 -1.2999511134951857e-06 5.6418550945894721e-10 -1.8126189721610035e-10 -2.4646635376089003e-10 -2.8180912529391210e-11 3.1969980231412573e-11 3.3805373891507482e-05 5.8499107924471517e-07 3.5880206516739572e-07 -1.8126189721610035e-10 9.4214339062174702e-11 4.7135469525251165e-11 7.7667122343415290e-12 -8.8110103868676821e-12 5.8573151958149117e-05 9.9284584689026839e-07 6.2315852057305909e-07 -2.4646635376089003e-10 4.7135469525251165e-11 1.3679589121738006e-10 1.3481370641871184e-11 -1.5341321520410904e-11 6.3305909228981225e-06 1.0567393858918201e-07 6.7417350087771724e-08 -2.8180912529391210e-11 7.7667122343415290e-12 1.3481370641871184e-11 1.7059928729155955e-12 -1.6944329496578172e-12 -7.2025292090062236e-06 -1.2329926881076349e-07 -8.0696119671904682e-08 3.1969980231412573e-11 -8.8110103868676821e-12 -1.5341321520410904e-11 -1.6944329496578172e-12 2.4676308599594244e-12</coeffs>
        </covariance>
        <meta>
          <property name="Exif/BodySerialNumber" value="91729d101b4029bd904de8ef6494c684"/>
          <property name="Exif/Make" value="DJI"/>
          <property name="Exif/Model" value="FC6310S"/>
          <property name="Exif/Software" value="v01.08.1719"/>
        </meta>
      </sensor>
    </sensors>
    <components next_id="1" active_id="0">
      <component id="0" label="Component 1">
        <transform>
          <rotation locked="true">9.8697861595918712e-01 -8.9424686040109988e-02 1.3370279415896535e-01 1.6060942433750808e-01 5.0229275812670215e-01 -8.4965086826733982e-01 8.8218168911601211e-03 8.6006116681320866e-01 5.1011465856867999e-01</rotation>
          <translation locked="true">6.0904157261437981e+05 -5.4128740574642271e+06 3.3072520594749073e+06</translation>
          <scale locked="true">2.9936257614159354e+00</scale>
        </transform>
        <region>
          <center>7.3767125194340215e+00 4.2975509597108001e+01 -3.4912073598149376e+00</center>
          <size>1.3023851343856055e+02 6.8249944113053203e+01 2.0293911801047638e+01</size>
          <R>-4.9821364049629266e-02 -9.9868252323763762e-01 1.2290218221813439e-02 9.9805710838733208e-01 -4.9321648618802345e-02 3.8070767985960825e-02 -3.7414436809229346e-02 1.4163077251389943e-02 9.9919946315088626e-01</R>
        </region>
        <partition>
          <camera_ids>272 1268 1269 1272</camera_ids>
          <partition>
            <partition>
              <partition>
                <camera_ids>111 113 116 122 124 125 127 128 129 130 132 133 134 135 137 139 142 143 144 147 148 152 153 154 268 269 270 271 273 279 281 283 284 285 286 291 458 459 460 461 462 463 464 465 466 467 468 469 470 471 472 473 474 475 476 477 478 479 480 481 482 1109 1111 1113 1114 1116 1117 1118 1119 1120 1122 1125 1130 1135 1137 1139 1140 1144 1145 1148 1149 1150 1271 1273 1274 1275 1276 1277 1279 1281 1286 1287 1288 1289 1291</camera_ids>
              </partition>
              <partition>
                <camera_ids>636 637 638 639 640 641 642 643 644 645 646 647 648 649 650 651 652 653 654 655 656 657 658 659 829 830 831 832 833 834 835 836 837 838 839 840 841 842 843 844 845 846 847 848 994 995 996 997 998 999 1000 1001 1002 1003 1004 1005 1006 1007 1008 1009 1010 1011 1012 1013 1014 1015 1016 1017 1018 1019 1020 1021 1022 1023 1024 1025 1026 1027 1028 1029 1030 1031 1032 1033 1034 1035 1036 1037 1038 1039 1040 1041 1042 1043 1044 1045 1046 1047</camera_ids>
              </partition>
              <partition>
                <camera_ids>102 103 104 105 106 107 108 293 294 295 296 440 441 442 443 444 445 446 447 448 449 450 451 452 453 454 455 456 457 483 484 485 486 487 488 489 490 491 492 493 494 495 496 497 498 499 500 501 502 503 504 505 506 507 508</camera_ids>
              </partition>
            </partition>
            <partition>
              <partition>
                <camera_ids>613 614 615 616 617 618 619 620 621 622 623 624 625 626 627 628 629 630 631 632 633 634 635 660 661 662 663 664 665 666 667 668 669 670 671 672 673 674 675 676 677 678 679 680 681 682 683 684 685 686 687 688 800 801 802 803 804 805 806 807 808 809 810 811 812 813 814 815 816 817 818 819 820 821 822 823 824 825 826 827 828 849 850 851 852 853 854 855 856 857 858 859 860 861 862 863 864 865 866 867 868 869 870 871 872 873 874 875 876 877 878 879 880 975 976 977 978 979 980 981 982 983 984 985 986 987 988 989 990 991 992 993</camera_ids>
              </partition>
              <partition>
                <camera_ids>114 115 117 118 119 120 121 123 126 131 136 138 140 141 145 146 149 150 151 155 156 158 159 160 161 164 165 166 167 169 170 172 173 174 176 178 275 276 277 278 280 282 287 288 289 290 292 297 1048 1049 1050 1051 1052 1053 1054 1055 1056 1057 1058 1059 1060 1061 1062 1063 1064 1065 1066 1067 1068 1069 1070 1071 1072 1073 1074 1075 1076 1077 1078 1079 1080 1081 1082 1083 1084 1085 1086 1087 1088 1089 1090 1112 1115 1121 1123 1124 1126 1127 1128 1129 1131 1132 1133 1134 1136 1138 1141 1142 1143 1146 1147 1151 1152 1153 1156 1161 1162 1167 1170 1174 1176 1278 1280 1282 1283 1284 1285 1290 1292 1293 1294 1295</camera_ids>
              </partition>
            </partition>
            <partition>
              <partition>
                <camera_ids>16 18 25 26 27 29 32 34 36 37 38 55 56 57 58 61 62 63 64 180 183 225 226 231 232 234 237 238 239 240 241 243 245 246 248 250 252 253 255 343 344 345 346 348 350 351 352 353 354 355 359 361 362 364 366 384 385 390 391 1178 1180 1181 1183 1184 1226 1227 1228 1229 1232 1234 1235 1241 1243 1246 1248 1250 1253</camera_ids>
              </partition>
              <partition>
                <camera_ids>40 42 43 44 45 47 48 49 51 189 193 195 196 198 203 206 208 210 211 212 213 214 215 216 217 218 219 220 221 222 370 372 377 381 383 1185 1186 1187 1189 1190 1191 1193 1196 1198 1199 1200 1201 1203 1204 1206 1208 1222 1223</camera_ids>
              </partition>
              <partition>
                <camera_ids>1 5 6 7 8 10 65 66 70 72 75 76 79 82 83 90 91 95 97 100 101 259 260 261 262 300 301 302 307 308 309 310 311 312 314 316 324 325 326 327 328 329 331 333 334 335 340 342 398 399 400 402 404 405 408 409 411 412 415 416 417 418 419 420 423 424 425 427 429 430 433 434 435 436 437 438 439 1255 1256 1257 1297 1298 1302 1303 1304 1312 1314 1316 1317 1318 1319 1320 1321 1322 1329</camera_ids>
              </partition>
            </partition>
          </partition>
          <partition>
            <partition>
              <partition>
                <camera_ids>109 110 112 881 882 883 884 885 886 887 888 889 890 891 892 893 894 895 896 897 898 899 900 901 902 903 904 905 906 907 908 909 910 911 928 929 930 931 932 933 934 935 936 937 938 939 940 941 942 943 944 945 946 947 948 949 950 951 952 953 954 955 956 957 958 959 960 961 962 963 964 965 966 967 968 969 970 971 972 973 974 1091 1092 1093 1094 1095 1096 1097 1098 1099 1100 1101 1102 1103 1104 1105 1106 1107 1110</camera_ids>
              </partition>
              <partition>
                <camera_ids>689 690 691 692 693 694 695 696 697 698 699 700 701 702 703 704 705 706 707 708 709 710 711 712 713 714 715 716 717 718 719 720 721 722 723 744 745 746 747 748 749 750 751 752 753 754 755 756 757 758 759 760 761 762 763 764 765 766 767 768 769 770 771 772 773 774 775 776 777 778 779 780 781 782 783 784 785 786 787 788 789 790 791 792 793 794 795 796 797 798 799 912 913 914 915 916 917 918 919 920 921 922 923 924 925 926 927</camera_ids>
              </partition>
            </partition>
            <partition>
              <partition>
                <camera_ids>0 2 3 4 9 11 12 13 14 15 17 19 20 21 22 23 24 28 67 68 69 71 73 74 77 78 80 81 84 85 86 87 88 89 92 93 94 96 98 99 233 235 236 318 319 320 321 322 323 330 332 336 337 338 339 341 347 349 356 357 358 395 396 397 401 403 406 407 410 413 414 421 422 426 428 431 432 1233 1236 1237 1323 1324 1325 1326 1327 1328</camera_ids>
              </partition>
              <partition>
                <camera_ids>157 162 163 168 171 175 177 179 181 182 184 185 186 187 188 190 191 223 224 227 228 229 230 242 244 247 249 251 254 256 257 258 265 298 299 303 304 305 306 313 315 317 1154 1155 1157 1158 1159 1160 1163 1164 1165 1166 1168 1169 1171 1172 1173 1175 1177 1179 1182 1188 1216 1217 1218 1219 1220 1221 1224 1225 1230 1231 1238 1239 1240 1242 1244 1245 1247 1249 1251 1252 1254 1258 1259 1260 1261 1262 1263 1265 1266 1296 1299 1300 1301 1306 1307 1308 1309 1310 1311 1313 1315</camera_ids>
              </partition>
              <partition>
                <camera_ids>511 512 513 514 515 516 517 518 519 520 521 522 523 524 525 526 527 528 529 530 531 532 533 534 535 536 537 538 539 540 560 561 562 563 564 565 566 567 568 569 570 571 572 573 574 575 576 577 578 579 580 581 582 583 584 585 586 587 588 589 590 591 592 593 594 595 596 597 598 599 600 601 602 603 604 605 606 607 608 609 610 611 612 724 725 726 727 728 729 730 731 732 733 734 735 736 737 738 739 740 741 742 743</camera_ids>
              </partition>
              <partition>
                <camera_ids>30 31 33 35 39 41 46 50 52 53 54 59 60 192 194 197 199 200 201 202 204 205 207 209 360 363 365 367 368 369 371 373 374 375 376 378 379 380 382 386 387 388 389 392 393 394 541 542 543 544 545 546 547 548 549 550 551 552 553 554 555 556 557 558 559 1192 1194 1195 1197 1202 1205 1207 1209 1210 1211 1212 1213 1214 1215</camera_ids>
              </partition>
            </partition>
          </partition>
        </partition>
      </component>
    </components>
    <cameras next_id="1330" next_group_id="0">
      <camera id="0" sensor_id="0" component_id="0" label="1_DJI_0001">
        <transform>9.6165289702420953e-01 2.6924945251863180e-01 5.2234451881517416e-02 -3.3457629549227739e+00 2.7027959958887415e-01 -9.6268518866199237e-01 -1.3644250690399040e-02 4.5866487812668751e+01 4.6611626135797446e-02 2.7238939943427576e-02 -9.9854163481536151e-01 -1.3409500543261619e+00 0 0 0 1</transform>
        <rotation_covariance>9.5992329698952594e-10 -1.0096462359334657e-10 1.6589190855978830e-11 -1.0096462359334653e-10 8.2464397442329276e-10 2.4698200437335602e-11 1.6589190855978830e-11 2.4698200437335596e-11 1.0549593608642374e-10</rotation_covariance>
        <location_covariance>5.7712938160936275e-08 -1.0227123769729475e-08 -6.2379848222144825e-07 -1.0227123769729475e-08 3.8104125661684118e-08 2.9079389324626272e-07 -6.2379848222144825e-07 2.9079389324626272e-07 1.8863631686845005e-05</location_covariance>
        <orientation>1</orientation>
        <reference x="-83.580386200000007" y="31.43696508" z="51.619999999999997" yaw="359.80000000000001" pitch="0.099999999999993788" roll="-0" enabled="true" rotation_enabled="false"/>
      </camera>
      <camera id="1" sensor_id="0" component_id="0" label="1_DJI_0002">
        <transform>-9.9457568995740631e-01 1.0050524147642707e-01 2.6793532456807184e-02 2.4288087704759121e+01 1.0040983538129755e-01 9.9493416392333067e-01 -4.8861454012818833e-03 5.3590828058674951e+01 -2.7148884036910865e-02 -2.1693072504406757e-03 -9.9962904729784818e-01 -5.3740773754864457e-01 0 0 0 1</transform>
        <rotation_covariance>1.4079381362735087e-09 -6.5530510140697079e-11 1.7298775292067987e-10 -6.5530510140696975e-11 2.7000334208041847e-09 2.0901923333937269e-12 1.7298775292067987e-10 2.0901923333937265e-12 5.4378858508229542e-10</rotation_covariance>
        <location_covariance>9.2473366607881520e-08 -3.8051909604017363e-09 -4.7330147297634696e-07 -3.8051909604017363e-09 8.8894580187279264e-08 3.1925251803140410e-07 -4.7330147297634696e-07 3.1925251803140410e-07 1.3395515340432862e-05</location_covariance>
        <orientation>1</orientation>
        <reference x="-83.579541710000001" y="31.43717461" z="57.450000000000003" yaw="180.30000000000004" pitch="0.099999999999993788" roll="-0" enabled="true" rotation_enabled="false"/>
      </camera>
      <camera id="2" sensor_id="0" component_id="0" label="1_DJI_0003">
        <transform>9.5758347955153833e-01 2.8337261469013025e-01 5.2286144757938087e-02 -3.3687533698128469e+00 2.8443455430156267e-01 -9.5859360962511420e-01 -1.3974115541411203e-02 4.7850683343475829e+01 4.6161282577941457e-02 2.8253368464170953e-02 -9.9853436754134173e-01 -1.2982578913045326e+00 0 0 0 1</transform>
        <rotation_covariance>8.5546197706992805e-10 -1.3394438281307844e-10 3.0196480410788717e-11 -1.3394438281307841e-10 8.0936560609139795e-10 1.2026859274875533e-11 3.0196480410788723e-11 1.2026859274875533e-11 9.8805441034716206e-11</rotation_covariance>
        <location_covariance>6.0178130198737957e-08 -1.0752801152953835e-08 -6.6054868435736073e-07 -1.0752801152953835e-08 3.8953319936794257e-08 2.9948501415275954e-07 -6.6054868435736073e-07 2.9948501415275954e-07 1.9768978251556852e-05</location_covariance>
        <orientation>1</orientation>
        <reference x="-83.580388929999998" y="31.43701867" z="51.420000000000002" yaw="358.59999999999997" pitch="0.099999999999993788" roll="-0" enabled="true" rotation_enabled="false"/>
      </camera>
      <camera id="3" sensor_id="0" component_id="0" label="1_DJI_0004">
        <transform>9.6361431034608325e-01 2.6229653335257064e-01 5.1458619175656847e-02 -3.3513542965490015e+00 2.6331766807817963e-01 -9.6460666789957117e-01 -1.4063496064516651e-02 4.8884800188995023e+01 4.5948520913203089e-02 2.7101749665121438e-02 -9.9857610055066803e-01 -1.2217792676722625e+00 0 0 0 1</transform>
        <rotation_covariance>9.9245750530865919e-10 -2.1453231036689240e-10 2.3756874218104999e-11 -2.1453231036689240e-10 9.1833925216007187e-10 5.9580054957242552e-12 2.3756874218104999e-11 5.9580054957242576e-12 1.0882927318955392e-10</rotation_covariance>
        <location_covariance>6.2098606635108976e-08 -1.1136851909413552e-08 -6.7796895769817480e-07 -1.1136851909413552e-08 4.1203352043978607e-08 3.0291016517962363e-07 -6.7796895769817480e-07 3.0291016517962363e-07 2.1183585570711105e-05</location_covariance>
        <orientation>1</orientation>
        <reference x="-83.580389199999999" y="31.437046420000001" z="51.619999999999997" yaw="359.60000000000002" pitch="0.099999999999993788" roll="-0" enabled="true" rotation_enabled="false"/>
      </camera>
      <camera id="4" sensor_id="0" component_id="0" label="1_DJI_0005">
        <transform>9.6695077267565077e-01 2.4980259374005959e-01 5.1037901433162600e-02 -3.3488495566862611e+00 2.5080246480331087e-01 -9.6793523050224595e-01 -1.4124914199692067e-02 4.9928966883473393e+01 4.5872942684620256e-02 2.6458528177195125e-02 -9.9859682525839732e-01 -1.1756564105784313e+00 0 0 0 1</transform>
        <rotation_covariance>1.1854142206698948e-09 -3.1495579962044934e-10 -4.1521966046612002e-11 -3.1495579962044928e-10 1.1602590678146871e-09 1.3353667531432626e-11 -4.1521966046612009e-11 1.3353667531432624e-11 1.4845564330475151e-10</rotation_covariance>
        <location_covariance>6.5341724907261352e-08 -1.1839702212736720e-08 -6.9280990136962303e-07 -1.1839702212736720e-08 4.3940841994805417e-08 2.9923895265796607e-07 -6.9280990136962303e-07 2.9923895265796607e-07 2.2124302382762208e-05</location_covariance>
        <orientation>1</orientation>
        <reference x="-83.580390030000004" y="31.437074190000001" z="51.619999999999997" yaw="0" pitch="0.099999999999993788" roll="-0" enabled="true" rotation_enabled="false"/>
      </camera>
      <camera id="5" sensor_id="0" component_id="0" label="1_DJI_0006">
        <transform>-9.9271333479670965e-01 1.1741937808329403e-01 2.7072579620852882e-02 2.4113032922996648e+01 1.1736947052391772e-01 9.9308239213262905e-01 -3.4307178651418581e-03 4.9646632079730317e+01 -2.7288134889181845e-02 -2.2822503683551628e-04 -9.9962758345676039e-01 -5.6958968444691127e-01 0 0 0 1</transform>
        <rotation_covariance>1.2930315012580351e-09 2.7445942363287346e-11 1.2105111859416735e-10 2.7445942363287359e-11 2.1298802614578484e-09 2.3115998334791799e-12 1.2105111859416732e-10 2.3115998334791860e-12 4.2317782477366525e-10</rotation_covariance>
        <location_covariance>7.7075143400685809e-08 -5.0545564376604270e-09 -4.6094050475675821e-07 -5.0545564376604270e-09 7.0256727490052401e-08 2.9714062729899609e-07 -4.6094050475675821e-07 2.9714062729899609e-07 1.2993140071328935e-05</location_covariance>
        <orientation>1</orientation>
        <reference x="-83.579543369999996" y="31.437067410000001" z="57.549999999999997" yaw="180.50000000000003" pitch="0.099999999999993788" roll="-0" enabled="true" rotation_enabled="false"/>
      </camera>
      <camera id="6" sensor_id="0" component_id="0" label="1_DJI_0007">
        <transform>-9.9213539845857168e-01 1.2223454748443013e-01 2.6945621661560962e-02 2.4077176013645193e+01 1.2218511335978632e-01 9.9250122912266303e-01 -3.4796929835112511e-03 4.8670251899831101e+01 -2.7168901315797772e-02 -1.5997274744172785e-04 -9.9963084446710238e-01 -5.7619259068906936e-01 0 0 0 1</transform>
        <rotation_covariance>1.2856343502774742e-09 4.7823735220106383e-11 1.0457344095506302e-10 4.7823735220106409e-11 2.0164100982677259e-09 -5.2138068229221927e-12 1.0457344095506301e-10 -5.2138068229221935e-12 3.8277003836140007e-10</rotation_covariance>
        <location_covariance>7.3775476505004726e-08 -5.7662750330914242e-09 -4.5393127101912123e-07 -5.7662750330914242e-09 6.5670723561025318e-08 3.0338394949020617e-07 -4.5393127101912123e-07 3.0338394949020617e-07 1.2919521285474277e-05</location_covariance>
        <orientation>1</orientation>
        <reference x="-83.579543400000006" y="31.43704048" z="57.549999999999997" yaw="180.70000000000002" pitch="0.099999999999993788" roll="-0" enabled="true" rotation_enabled="false"/>
      </camera>
      <camera id="7" sensor_id="0" component_id="0" label="1_DJI_0008">
        <transform>-9.9227550020417876e-01 1.2115326390221567e-01 2.6668677139799472e-02 2.4035592816191357e+01 1.2110583903878241e-01 9.9263380360068676e-01 -3.3923000966754047e-03 4.7740613588617805e+01 -2.6883218655125853e-02 -1.3636375420134073e-04 -9.9963857166461279e-01 -5.5984181303757652e-01 0 0 0 1</transform>
        <rotation_covariance>1.2968025115941579e-09 6.2298512090015967e-11 9.0396290448845994e-11 6.2298512090015967e-11 1.9356283618409099e-09 -8.1003910040825525e-12 9.0396290448845969e-11 -8.1003910040825476e-12 3.5747332602658323e-10</rotation_covariance>
        <location_covariance>7.1430647114853528e-08 -6.2466383209042794e-09 -4.5542670443306630e-07 -6.2466383209042794e-09 6.2052578263873419e-08 3.1132073355117680e-07 -4.5542670443306630e-07 3.1132073355117680e-07 1.3168853187123627e-05</location_covariance>
        <orientation>1</orientation>
        <reference x="-83.579543849999993" y="31.437014820000002" z="57.549999999999997" yaw="180.40000000000003" pitch="0.099999999999993788" roll="-0" enabled="true" rotation_enabled="false"/>
      </camera>
      <camera id="8" sensor_id="0" component_id="0" label="1_DJI_0009">
        <transform>-9.9180624800828232e-01 1.2490609824147761e-01 2.6811061780987702e-02 2.3990823839316754e+01 1.2486818214279835e-01 9.9216852734337291e-01 -3.0903782351694997e-03 4.6656630211723154e+01 -2.6987098771200153e-02 2.8279210356020601e-04 -9.9963574192229621e-01 -5.3939799217649209e-01 0 0 0 1</transform>
        <rotation_covariance>1.2776950869359446e-09 8.4761705125209911e-11 6.4736946765009894e-11 8.4761705125209924e-11 1.7935853887725752e-09 -7.9970602270015977e-12 6.4736946765009907e-11 -7.9970602270015994e-12 3.2262534824463818e-10</rotation_covariance>
        <location_covariance>6.9829408781237976e-08 -6.8675515425096628e-09 -4.7092808891768724e-07 -6.8675515425096628e-09 5.7897930029338221e-08 3.1331778561068795e-07 -4.7092808891768724e-07 3.1331778561068795e-07 1.3483683500522837e-05</location_covariance>
        <orientation>1</orientation>
        <reference x="-83.579544179999999" y="31.43698552" z="57.350000000000001" yaw="180.40000000000003" pitch="0.099999999999993788" roll="-0" enabled="true" rotation_enabled="false"/>
      </camera>
      <camera id="9" sensor_id="0" component_id="0" label="1_DJI_0010">
        <transform>9.6963757208622736e-01 2.3934094254743934e-01 5.0188564626114776e-02 -2.9823089318329772e+00 2.4033505647109260e-01 -9.7057838101964033e-01 -1.4719610332190103e-02 5.4774988630384563e+01 4.5188930389676647e-02 2.6334758738180301e-02 -9.9863128383424826e-01 -1.3366069530164038e+00 0 0 0 1</transform>
        <rotation_covariance>1.1778725360734664e-09 -4.0392255483222254e-10 -7.9658854530242040e-11 -4.0392255483222254e-10 1.5165814982896227e-09 1.6579866085006627e-11 -7.9658854530242040e-11 1.6579866085006627e-11 2.0333077098355179e-10</rotation_covariance>
        <location_covariance>6.5114417436226270e-08 -8.6196307834641651e-09 -5.9650011462612349e-07 -8.6196307834641651e-09 4.6580861593116945e-08 2.1916766895700645e-07 -5.9650011462612349e-07 2.1916766895700645e-07 1.9705970022760502e-05</location_covariance>
        <orientation>1</orientation>
        <reference x="-83.580384510000002" y="31.43720454" z="51.619999999999997" yaw="359.89999999999998" pitch="0.099999999999993788" roll="-0" enabled="true" rotation_enabled="false"/>
      </camera>
      <camera id="10" sensor_id="0" component_id="0" label="1_DJI_0011">
        <transform>-9.8985200021992115e-01 1.3938764864517100e-01 2.7642378077709109e-02 2.3940108154744060e+01 1.3935729444206624e-01 9.9023752585199321e-01 -3.0309866889861037e-03 4.4774556111540981e+01 -2.7795002183988643e-02 8.5193878412151425e-04 -9.9961328125125481e-01 -3.6896190922295052e-01 0 0 0 1</transform>
        <rotation_covariance>1.2831834473066625e-09 7.6293125090892173e-11 2.5227811456289676e-11 7.6293125090892225e-11 1.6115515136280555e-09 -9.9788045998987775e-12 2.5227811456289686e-11 -9.9788045998987759e-12 2.8703370679326817e-10</rotation_covariance>
        <location_covariance>7.3939385084200969e-08 -1.0750056242068227e-08 -5.8849857706342094e-07 -1.0750056242068227e-08 5.6295495701874520e-08 3.8189866844745641e-07 -5.8849857706342094e-07 3.8189866844745641e-07 1.6032629929590046e-05</location_covariance>
        <orientation>1</orientation>
        <reference x="-83.579543580000006" y="31.436933809999999" z="57.549999999999997" yaw="181.09999999999999" pitch="0.099999999999993788" roll="-0" enabled="true" rotation_enabled="false"/>
      </camera>
      <camera id="11" sensor_id="0" component_id="0" label="1_DJI_0012">
        <transform>9.7014642800579609e-01 2.3734167020147676e-01 4.9848167604931125e-02 -2.9529162618101652e+00 2.3837083037837170e-01 -9.7104659335515031e-01 -1.5743594192001192e-02 5.6743955315271918e+01 4.4668282397261123e-02 2.7155940774170467e-02 -9.9863271498001116e-01 -1.2932048274418255e+00 0 0 0 1</transform>
        <rotation_covariance>1.0138270263525401e-09 -3.2018463520239542e-10 -3.3182741827505915e-11 -3.2018463520239542e-10 1.5735136366810627e-09 3.8888426136635927e-11 -3.3182741827505922e-11 3.8888426136635920e-11 2.0012610414121499e-10</rotation_covariance>
        <location_covariance>6.8151459111897046e-08 -8.1761204875448622e-09 -6.1998140355584957e-07 -8.1761204875448622e-09 4.8276244637413826e-08 2.4817103202683434e-07 -6.1998140355584957e-07 2.4817103202683434e-07 2.0784311325729508e-05</location_covariance>
        <orientation>1</orientation>
        <reference x="-83.580385820000004" y="31.43725792" z="51.719999999999999" yaw="359.70000000000005" pitch="0.099999999999993788" roll="-0" enabled="true" rotation_enabled="false"/>
      </camera>
      <camera id="12" sensor_id="0" component_id="0" label="1_DJI_0013">
        <transform>9.7155786733150773e-01 2.3156367187205432e-01 4.9533587548084755e-02 -2.9179698076160592e+00 2.3259388534208145e-01 -9.7244104332256065e-01 -1.6077990023738151e-02 5.7719448436152497e+01 4.4445415148549897e-02 2.7141907281181529e-02 -9.9864304030089401e-01 -1.3092925096493548e+00 0 0 0 1</transform>
        <rotation_covariance>1.0737128346158244e-09 -2.9962525326611997e-10 -3.0800064347548411e-11 -2.9962525326611992e-10 1.6331295159430530e-09 -3.2638785622822637e-12 -3.0800064347548417e-11 -3.2638785622822596e-12 2.1573460539149657e-10</rotation_covariance>
        <location_covariance>6.8460631371045209e-08 -6.8539630191404865e-09 -6.0697394935240088e-07 -6.8539630191404865e-09 5.0252732580820584e-08 2.4483013213947134e-07 -6.0697394935240088e-07 2.4483013213947134e-07 2.0669526591894464e-05</location_covariance>
        <orientation>1</orientation>
        <reference x="-83.580386149999995" y="31.43728411" z="51.619999999999997" yaw="359.89999999999998" pitch="0.099999999999993788" roll="-0" enabled="true" rotation_enabled="false"/>
      </camera>
      <camera id="13" sensor_id="0" component_id="0" label="1_DJI_0014">
        <transform>9.7277104969014627e-01 2.2631493575248618e-01 4.9980343537025330e-02 -2.8864646697247078e+00 2.2735559082231863e-01 -9.7367791259278236e-01 -1.6147998352632587e-02 5.8701101204075030e+01 4.5010223356093691e-02 2.7071615842248112e-02 -9.9861965102291284e-01 -1.3201732024160548e+00 0 0 0 1</transform>
        <rotation_covariance>1.2066016609260660e-09 -3.8704538149334211e-10 -6.2692348486336476e-11 -3.8704538149334206e-10 1.6608325453703879e-09 -1.3951009035639311e-11 -6.2692348486336476e-11 -1.3951009035639321e-11 2.5668380107842019e-10</rotation_covariance>
        <location_covariance>7.1526425613894495e-08 -5.9191801100376360e-09 -6.2819113292995831e-07 -5.9191801100376360e-09 5.2198083073433249e-08 2.3104798856187028e-07 -6.2819113292995831e-07 2.3104798856187028e-07 2.0659436267241960e-05</location_covariance>
        <orientation>1</orientation>
        <reference x="-83.58038655" y="31.437311019999999" z="51.619999999999997" yaw="0" pitch="0.099999999999993788" roll="-0" enabled="true" rotation_enabled="false"/>
      </camera>
      <camera id="14" sensor_id="0" component_id="0" label="1_DJI_0015">
        <transform>9.7327069471990635e-01 2.2412237327996548e-01 5.0132989086897735e-02 -2.8481625451552315e+00 2.2517943320095130e-01 -9.7417818815327095e-01 -1.6464525189316292e-02 5.9721305332026141e+01 4.5148396015024364e-02 2.7313357936496474e-02 -9.9860683094774760e-01 -1.3180107310120384e+00 0 0 0 1</transform>
        <rotation_covariance>1.3717062871766438e-09 -4.7547228323607339e-10 -1.5307418689696247e-10 -4.7547228323607328e-10 1.8331776648732851e-09 2.2862404832255951e-12 -1.5307418689696244e-10 2.2862404832256016e-12 3.4261158322535099e-10</rotation_covariance>
        <location_covariance>7.5664527091698054e-08 -6.8380105569736965e-09 -6.4380384359927364e-07 -6.8380105569736965e-09 5.5507016050597567e-08 2.3117348090645953e-07 -6.4380384359927364e-07 2.3117348090645953e-07 2.0892650806723473e-05</location_covariance>
        <orientation>1</orientation>
        <reference x="-83.580386730000001" y="31.43733829" z="51.619999999999997" yaw="0" pitch="0.099999999999993788" roll="-0" enabled="true" rotation_enabled="false"/>
      </camera>
      <camera id="15" sensor_id="0" component_id="0" label="1_DJI_0016">
        <transform>9.7275087274450778e-01 2.2635275763180035e-01 5.0201281729440154e-02 -2.8067487219901630e+00 2.2741148364899896e-01 -9.7366041331311304e-01 -1.6413916397315598e-02 6.0673554468333066e+01 4.5163665477464560e-02 2.7382999459817509e-02 -9.9860423324819891e-01 -1.3077873732553962e+00 0 0 0 1</transform>
        <rotation_covariance>1.4272730896966066e-09 -5.6225213708539211e-10 -1.6757685131806191e-10 -5.6225213708539201e-10 2.0014283827511688e-09 1.9733974284694085e-11 -1.6757685131806186e-10 1.9733974284694092e-11 3.7526686113571563e-10</rotation_covariance>
        <location_covariance>7.9377050929612631e-08 -7.4020059499883973e-09 -6.5911301215393230e-07 -7.4020059499883973e-09 5.6536339407474361e-08 2.2088200682776004e-07 -6.5911301215393230e-07 2.2088200682776004e-07 2.1263367336378339e-05</location_covariance>
        <orientation>1</orientation>
        <reference x="-83.580386540000006" y="31.43736431" z="51.619999999999997" yaw="359.89999999999998" pitch="0.099999999999993788" roll="-0" enabled="true" rotation_enabled="false"/>
      </camera>
      <camera id="16" sensor_id="0" component_id="0" label="1_DJI_0017">
        <transform>-9.9241524615517340e-01 1.1973287025249862e-01 2.7857117221005381e-02 2.3768791969172231e+01 1.1972684441509103e-01 9.9280507146989772e-01 -1.8901825456463239e-03 3.8766617854005325e+01 -2.7883004235036989e-02 1.4593987630563965e-03 -9.9961012811499628e-01 -4.4260229917897664e-01 0 0 0 1</transform>
        <rotation_covariance>8.1453831101942678e-10 1.4744052554290970e-10 2.5312430629720297e-11 1.4744052554290968e-10 1.2529170860432623e-09 -1.7575087036663436e-11 2.5312430629720301e-11 -1.7575087036663433e-11 1.7386091250355948e-10</rotation_covariance>
        <location_covariance>6.7137902164361056e-08 -1.3828752591893299e-08 -5.8218994552848764e-07 -1.3828752591893299e-08 4.8214260509341929e-08 3.5027363310434511e-07 -5.8218994552848764e-07 3.5027363310434511e-07 1.5222966027905861e-05</location_covariance>
        <orientation>1</orientation>
        <reference x="-83.579543229999999" y="31.436772319999999" z="57.549999999999997" yaw="180.09999999999999" pitch="0.099999999999993788" roll="-0" enabled="true" rotation_enabled="false"/>
      </camera>
      <camera id="17" sensor_id="0" component_id="0" label="1_DJI_0018">
        <transform>9.7291773472677656e-01 2.2564810199999383e-01 5.0139959293143979e-02 -2.7090915632930099e+00 2.2673929272783455e-01 -9.7380385432305738e-01 -1.7185646302623231e-02 6.2633116027094779e+01 4.4948577145434675e-02 2.8088918978093666e-02 -9.9859433106904982e-01 -1.2892539063817352e+00 0 0 0 1</transform>
        <rotation_covariance>1.5426573794542846e-09 -5.9803917576127032e-10 -2.4493552512517740e-10 -5.9803917576127053e-10 2.3239041321220431e-09 7.7928920634476823e-12 -2.4493552512517740e-10 7.7928920634476581e-12 4.9038337640271609e-10</rotation_covariance>
        <location_covariance>8.5593695269549492e-08 -7.8605858981533213e-09 -6.8137011130597143e-07 -7.8605858981533213e-09 6.3220481090581324e-08 2.3326306222021210e-07 -6.8137011130597143e-07 2.3326306222021210e-07 2.2016848234219776e-05</location_covariance>
        <orientation>1</orientation>
        <reference x="-83.580385669999998" y="31.437417190000001" z="51.619999999999997" yaw="359.89999999999998" pitch="0.099999999999993788" roll="-0" enabled="true" rotation_enabled="false"/>
      </camera>
      <camera id="18" sensor_id="0" component_id="0" label="1_DJI_0019">
        <transform>-9.9170039579889568e-01 1.2556820979000743e-01 2.7621543447922028e-02 2.3689914727540728e+01 1.2557278285602977e-01 9.9208315824393689e-01 -1.5758599332491019e-03 3.6831180062734461e+01 -2.7600745970084484e-02 1.9057331580076553e-03 -9.9961721023751138e-01 -4.4334898841290066e-01 0 0 0 1</transform>
        <rotation_covariance>7.6771926975755312e-10 1.4538646195882051e-10 2.9203065268207748e-11 1.4538646195882053e-10 1.2004107247834481e-09 -1.5396458755233791e-11 2.9203065268207755e-11 -1.5396458755233791e-11 1.6422181967877141e-10</rotation_covariance>
        <location_covariance>6.6031516551732430e-08 -1.4249166974043497e-08 -5.8161405360200338e-07 -1.4249166974043497e-08 4.8022615672618956e-08 3.5692514824791319e-07 -5.8161405360200338e-07 3.5692514824791319e-07 1.5370008382168891e-05</location_covariance>
        <orientation>1</orientation>
        <reference x="-83.579543979999997" y="31.436720480000002" z="57.450000000000003" yaw="180.50000000000003" pitch="0.099999999999993788" roll="-0" enabled="true" rotation_enabled="false"/>
      </camera>
      <camera id="19" sensor_id="0" component_id="0" label="1_DJI_0020">
        <transform>9.7595158207983546e-01 2.1207082612843633e-01 5.0442780861772674e-02 -2.6572283878658949e+00 2.1316316004148628e-01 -9.7686342819684446e-01 -1.7300573766055288e-02 6.4642482582715402e+01 4.5606760869350164e-02 2.7637064907646336e-02 -9.9857709567478892e-01 -1.2426865625968149e+00 0 0 0 1</transform>
        <rotation_covariance>1.5557721440332151e-09 -5.5147807251179258e-10 -2.4534179538186326e-10 -5.5147807251179279e-10 2.4462387922988270e-09 6.2253090812041067e-11 -2.4534179538186326e-10 6.2253090812041080e-11 5.3602629881882726e-10</rotation_covariance>
        <location_covariance>9.1548168710186034e-08 -7.0613120734775362e-09 -7.4019186476326303e-07 -7.0613120734775362e-09 6.6781441859128716e-08 2.1368887410687046e-07 -7.4019186476326303e-07 2.1368887410687046e-07 2.3407437160613503e-05</location_covariance>
        <orientation>1</orientation>
        <reference x="-83.580386430000004" y="31.437471030000001" z="51.719999999999999" yaw="0.5" pitch="0.099999999999993788" roll="-0" enabled="true" rotation_enabled="false"/>
      </camera>
      <camera id="20" sensor_id="0" component_id="0" label="1_DJI_0021">
        <transform>9.7487179622406894e-01 2.1695334888120882e-01 5.0559127129387288e-02 -2.6138897278919342e+00 2.1803819220781476e-01 -9.7579275848529345e-01 -1.6965825249891264e-02 6.5578831715890374e+01 4.5654437523696176e-02 2.7563325214681855e-02 -9.9857695519048728e-01 -1.3039090943426881e+00 0 0 0 1</transform>
        <rotation_covariance>1.5299715215666720e-09 -4.5988877076311263e-10 -2.2731974452095132e-10 -4.5988877076311263e-10 2.4348734764712530e-09 3.7127773525998160e-11 -2.2731974452095130e-10 3.7127773525998121e-11 5.4887765027470321e-10</rotation_covariance>
        <location_covariance>9.0233381313273882e-08 -5.3667577505506375e-09 -7.1868553614899388e-07 -5.3667577505506375e-09 6.5279234042552897e-08 1.7800459630475793e-07 -7.1868553614899388e-07 1.7800459630475793e-07 2.2542636898796017e-05</location_covariance>
        <orientation>1</orientation>
        <reference x="-83.580386140000002" y="31.43749665" z="51.920000000000002" yaw="0.10000000000000001" pitch="0.099999999999993788" roll="-0" enabled="true" rotation_enabled="false"/>
      </camera>
      <camera id="21" sensor_id="0" component_id="0" label="1_DJI_0022">
        <transform>9.7421829993468334e-01 2.1985999860038086e-01 5.0599259755607737e-02 -2.5857814639166130e+00 2.2094554450472015e-01 -9.7513976686260839e-01 -1.6896788057218837e-02 6.6609345540508016e+01 4.5626422562892795e-02 2.7640841133699134e-02 -9.9857609297716243e-01 -1.4127417470672397e+00 0 0 0 1</transform>
        <rotation_covariance>1.5860046869714464e-09 -3.5124288427552472e-10 -2.1169101220525945e-10 -3.5124288427552472e-10 2.4214029802703367e-09 2.5870285609263092e-11 -2.1169101220525943e-10 2.5870285609263108e-11 5.6187597380803789e-10</rotation_covariance>
        <location_covariance>8.7509176379305479e-08 -4.6376575410486823e-09 -6.6946036273156013e-07 -4.6376575410486823e-09 6.2734910536070903e-08 1.4789193543714879e-07 -6.6946036273156013e-07 1.4789193543714879e-07 2.0910710358653513e-05</location_covariance>
        <orientation>1</orientation>
        <reference x="-83.58038655" y="31.437524799999998" z="51.619999999999997" yaw="0" pitch="0.099999999999993788" roll="-0" enabled="true" rotation_enabled="false"/>
      </camera>
      <camera id="22" sensor_id="0" component_id="0" label="1_DJI_0023">
        <transform>9.7478114661024295e-01 2.1737405371284310e-01 5.0499871145048197e-02 -2.5713467046903085e+00 2.1846686645864405e-01 -9.7569334276724595e-01 -1.7167677170166346e-02 6.7592832754855706e+01 4.5540580507514763e-02 2.7767276642193219e-02 -9.9857650376669416e-01 -1.4469351122838900e+00 0 0 0 1</transform>
        <rotation_covariance>1.7326604657975427e-09 -2.2106824586221022e-10 -1.7653026293398252e-10 -2.2106824586221019e-10 2.4084385496884279e-09 4.1665415222557344e-12 -1.7653026293398250e-10 4.1665415222557312e-12 5.2567833377939783e-10</rotation_covariance>
        <location_covariance>8.6784943555025205e-08 -4.9827535935635206e-09 -6.5814145209352611e-07 -4.9827535935635206e-09 6.1553078342374993e-08 1.4207109237494611e-07 -6.5814145209352611e-07 1.4207109237494611e-07 2.0623883290657344e-05</location_covariance>
        <orientation>1</orientation>
        <reference x="-83.580387229999999" y="31.437551030000002" z="51.520000000000003" yaw="0" pitch="0.099999999999993788" roll="-0" enabled="true" rotation_enabled="false"/>
      </camera>
      <camera id="23" sensor_id="0" component_id="0" label="1_DJI_0024">
        <transform>9.7705202034816807e-01 2.0698485211676226e-01 5.0265500373177771e-02 -2.5455414673834706e+00 2.0806381846644462e-01 -9.7796368245619036e-01 -1.7218688738989185e-02 6.8586026500677605e+01 4.5593826103171704e-02 2.7281986564945515e-02 -9.9858745046708053e-01 -1.4164225713915268e+00 0 0 0 1</transform>
        <rotation_covariance>1.7745716076249237e-09 -1.2611333262154468e-10 -8.4531795074252889e-11 -1.2611333262154481e-10 2.4036601852026322e-09 6.7378544905514711e-12 -8.4531795074252902e-11 6.7378544905514678e-12 4.8963702314128480e-10</rotation_covariance>
        <location_covariance>8.7561149900334597e-08 -5.5994749800959155e-09 -6.7784798317414054e-07 -5.5994749800959155e-09 6.0599399843775487e-08 1.3304453045769134e-07 -6.7784798317414054e-07 1.3304453045769134e-07 2.1475200181584694e-05</location_covariance>
        <orientation>1</orientation>
        <reference x="-83.580387419999994" y="31.437577510000001" z="51.619999999999997" yaw="0.5" pitch="0.099999999999993788" roll="-0" enabled="true" rotation_enabled="false"/>
      </camera>
      <camera id="24" sensor_id="0" component_id="0" label="1_DJI_0025">
        <transform>9.7781317121341638e-01 2.0346375547932330e-01 4.9838764107991554e-02 -2.5173288186161811e+00 2.0452937821042308e-01 -9.7870837762159235e-01 -1.7252391781106824e-02 6.9574306850786712e+01 4.5267379540013052e-02 2.7063107352283677e-02 -9.9860825781185047e-01 -1.4562195445469583e+00 0 0 0 1</transform>
        <rotation_covariance>1.7972054393248229e-09 -1.0211635626684346e-10 -4.3009493919541752e-11 -1.0211635626684337e-10 2.3898300290512529e-09 -6.5441182551206309e-12 -4.3009493919541764e-11 -6.5441182551206309e-12 4.7599494101598522e-10</rotation_covariance>
