<?xml version="1.0" encoding="UTF-8"?>
<document version="1.5.0">
  <chunk label="Chunk 1" enabled="true">
    <sensors next_id="1">
      <sensor id="0" label="FC6310S (8.8mm)" type="frame">
        <resolution width="5472" height="3648"/>
        <property name="pixel_width" value="0.0024122807017543861"/>
        <property name="pixel_height" value="0.0024122807017543861"/>
        <property name="focal_length" value="8.8000000000000007"/>
        <property name="layer_index" value="0"/>
        <bands>
          <band label="Red"/>
          <band label="Green"/>
          <band label="Blue"/>
        </bands>
        <data_type>uint8</data_type>
        <calibration type="frame" class="adjusted">
          <resolution width="5472" height="3648"/>
          <f>2717.6669227971515</f>
          <cx>-12.230262827391583</cx>
          <cy>-9.3195239865210979</cy>
          <k1>-0.0059915534174831029</k1>
          <k2>0.00083252615244463644</k2>
          <k3>0.00092947159771600697</k3>
          <p1>0.00067838349546107349</p1>
          <p2>-0.00062996462871231734</p2>
        </calibration>
        <covariance>
          <params>f cx cy k1 k2 k3 p1 p2</params>
          <coeffs>2.3572412705464579e+01 4.0627262394437552e-01 2.2325579181334082e-01 -1.1030589522827947e-04 2.9523791034634170e-05 4.8189584349282072e-05 5.6316618843263805e-06 -5.8874388088884782e-06 4.0627262394437552e-01 1.3866423417244794e-02 3.9832758388197295e-03 -1.9070671767582500e-06 5.1933705298108575e-07 8.2717325102970095e-07 9.3287885329702758e-08 -1.0158686444271145e-07 2.2325579181334082e-01 3.9832758388197295e-03 5.5580864873538572e-03 -1.0432777289008559e-06 2.7735149303666847e-07 4.5765452652414434e-07 5.2138775385624540e-08 -5.8235394986916877e-08 -1.1030589522827947e-04 -1.9070671767582500e-06 -1.0432777289008559e-06 5.3727493278509209e-10 -1.6957204684105982e-10 -2.1168285923293314e-10 -2.6444134141604109e-11 2.7534731754396469e-11 2.9523791034634170e-05 5.1933705298108575e-07 2.7735149303666847e-07 -1.6957204684105982e-10 8.9964058267640163e-11 3.5759447143083303e-11 7.0465826833068870e-12 -7.3485099642569475e-12 4.8189584349282072e-05 8.2717325102970095e-07 4.5765452652414434e-07 -2.1168285923293314e-10 3.5759447143083303e-11 1.1037156023393978e-10 1.1528503598150686e-11 -1.2042915320622507e-11 5.6316618843263805e-06 9.3287885329702758e-08 5.2138775385624540e-08 -2.6444134141604109e-11 7.0465826833068870e-12 1.1528503598150686e-11 1.5981286622452615e-12 -1.4526612505393932e-12 -5.8874388088884782e-06 -1.0158686444271145e-07 -5.8235394986916877e-08 2.7534731754396469e-11 -7.3485099642569475e-12 -1.2042915320622507e-11 -1.4526612505393932e-12 2.0932479649993588e-12</coeffs>
        </covariance>
        <meta>
          <property name="Exif/BodySerialNumber" value="91729d101b4029bd904de8ef6494c684"/>
          <property name="Exif/Make" value="DJI"/>
          <property name="Exif/Model" value="FC6310S"/>
          <property name="Exif/Software" value="v01.08.1719"/>
        </meta>
      </sensor>
    </sensors>
    <components next_id="1" active_id="0">
      <component id="0" label="Component 1">
        <transform>
          <rotation locked="true">8.8969497608146575e-01 -1.2670350207667092e-01 4.3862178707504623e-01 4.3085624489326690e-01 5.5078942047907475e-01 -7.1483838070209849e-01 -1.5101571365878833e-01 8.2497105212839572e-01 5.4462557539863543e-01</rotation>
          <translation locked="true">6.0908934134007490e+05 -5.4128776682860963e+06 3.3072549469716321e+06</translation>
          <scale locked="true">2.9314510646016601e+00</scale>
        </transform>
        <region>
          <center>-2.7183510812648444e+00 4.5322138669133793e+01 -5.5105227133386885e+00</center>
          <size>1.3245716066162757e+02 7.2778552858711819e+01 2.0875244162015694e+01</size>
          <R>-9.6991070972628962e-02 -9.9126528943932812e-01 -8.9363628531676328e-02 9.2812648075828375e-01 -1.2250409701356507e-01 3.5153091177040774e-01 -3.5940780162209252e-01 -4.8845390444298656e-02 9.3190136815304581e-01</R>
        </region>
        <partition>
          <partition>
            <partition>
              <partition>
                <camera_ids>61 62 63 67 68 73 75 77 80 81 82 85 89 91 94 99 103 106 108 576 577 578 579 580 581 582 583 584 585 586 587 588 589 590 591 592 593 594 595 596 597 598 599 600 601 602 603 604 605 606 607 608 609 610 611 612 613 614 615 616 617 618 619 620 621 622 623 715 716 717 720 721 722 723 725 727 729 730 734 735 737 738 739 741 743 744 746 747 748 749 751 752 753 755 756 758</camera_ids>
              </partition>
              <partition>
                <camera_ids>528 529 530 531 532 533 534 535 536 537 538 539 540 541 542 543 544 545 546 547 548 549 550 551 552 553 554 555 556 557 558 559 560 561 562 563 564 565 566 567 1398 1399 1400 1401 1402 1403 1404 1405 1406 1407 1408 1409 1410 1411 1412 1413 1414 1415 1416 1417 1418 1419 1420 1421 1422 1423 1424 1425 1426 1427 1428 1429 1430 1431 1432 1433 1434 1435 1436 1437 1438</camera_ids>
              </partition>
            </partition>
            <partition>
              <partition>
                <camera_ids>121 123 124 125 126 129 130 131 133 136 137 260 262 263 265 268 269 273 275 276 279 306 308 310 315 318 319 320 321 323 324 325 446 447 448 449 450 451 455 456 458 460 461 462 463 773 778 779 783 785 786 789 790 791 912 915 917 918 921 922 923 925 928 929 958 960 962 963 964 965 967 968 973 1095 1096 1103 1104 1105 1108 1110</camera_ids>
              </partition>
              <partition>
                <camera_ids>142 148 149 150 152 153 154 246 247 248 250 251 253 255 256 257 326 327 333 335 336 338 439 440 442 792 794 795 796 797 798 802 806 807 808 809 810 896 900 903 905 909 910 979 980 981 982 983 985 988 990 1092 1094</camera_ids>
              </partition>
              <partition>
                <camera_ids>113 114 115 116 117 119 282 287 289 290 291 292 294 298 299 301 464 465 467 468 469 472 473 475 476 760 761 762 763 769 771 931 932 934 935 936 937 939 944 946 947 948 951 953 954 955 956 1117 1121 1122 1125</camera_ids>
              </partition>
            </partition>
          </partition>
          <partition>
            <partition>
              <partition>
                <camera_ids>189 190 191 193 195 196 199 200 346 350 352 354 357 358 361 365 369 371 373 375 377 386 390 398 399 400 402 843 845 848 849 852 853 854 995 996 998 999 1000 1002 1004 1006 1007 1010 1011 1013 1014 1015 1017 1018 1019 1021 1023 1025 1027 1029 1036 1038 1039 1040 1042 1043 1044 1045 1046 1047 1048 1052</camera_ids>
              </partition>
              <partition>
                <camera_ids>379 381 383 568 569 570 571 572 573 574 575 1031 1033 1035 1181 1182 1183 1184 1185 1186 1187 1188 1189 1190 1191 1192 1193 1194 1195 1196 1197 1198 1199 1200 1201 1202 1203 1204 1205 1206 1207 1208 1209 1210 1211 1212 1213 1214 1215 1216 1217 1218 1219 1220 1221 1222 1223 1224 1379 1380 1381 1382 1383 1384 1385 1386 1387 1388 1389 1390 1391 1392 1393 1394 1395 1396 1397</camera_ids>
              </partition>
              <partition>
                <camera_ids>3 4 5 6 9 10 12 13 16 17 18 23 27 29 32 34 35 36 39 40 42 43 50 53 54 55 59 60 174 175 176 177 178 180 181 182 186 187 658 659 662 665 666 670 671 672 673 675 676 677 679 681 682 684 688 689 692 695 696 697 698 699 700 702 703 707 708 709 830 834 835 836 839</camera_ids>
              </partition>
              <partition>
                <camera_ids>403 407 408 409 412 416 417 419 420 421 423 424 425 427 430 432 434 436 437 441 1055 1056 1057 1061 1062 1064 1065 1066 1069 1073 1077 1079 1080 1082 1084 1086 1089 1090 1091 1093 1129 1130 1131 1132 1133 1134 1135 1136 1137 1138 1139 1140 1141 1142 1143 1144 1145 1146 1147 1148 1149 1150 1151 1152 1153 1154 1155 1156 1157 1158 1159 1160 1161 1162 1163 1164 1165 1166 1167 1168 1169 1170 1171 1172 1173 1174 1175 1176 1177 1178 1179 1180</camera_ids>
              </partition>
            </partition>
            <partition>
              <partition>
                <camera_ids>1225 1226 1227 1228 1229 1230 1231 1232 1233 1234 1235 1236 1237 1238 1239 1240 1241 1242 1243 1244 1245 1246 1247 1248 1249 1250 1251 1252 1253 1254 1255 1256 1257 1258 1259 1260 1261 1262 1335 1336 1337 1338 1339 1340 1341 1342 1343 1344 1345 1346 1347 1348 1349 1350 1351 1352 1353 1354 1355 1356 1357 1358 1359 1360 1361 1362 1363 1364 1365 1366 1367 1368 1369 1370 1371 1372 1373 1374 1375 1376 1377 1378</camera_ids>
              </partition>
              <partition>
                <camera_ids>466 470 471 474 477 478 479 480 481 482 483 1115 1116 1118 1119 1120 1123 1124 1126 1127 1128 1263 1264 1265 1266 1267 1268 1269 1270 1271 1272 1273 1274 1275 1276 1277 1278 1279 1280 1281 1282 1283 1284 1285 1286 1287 1288 1289 1290 1291 1292 1293 1294 1295 1296 1297 1298 1299 1300 1301 1302 1303 1304 1305 1306 1307 1308 1309 1310 1311 1312 1313 1314 1315 1316 1317 1318 1319 1320 1321 1322 1323 1324 1325 1326 1327 1328 1329 1330 1331 1332 1333 1334 1463 1464 1465 1466 1467 1468 1469 1470 1471 1472 1473 1474 1475</camera_ids>
              </partition>
            </partition>
            <partition>
              <partition>
                <camera_ids>147 151 155 156 157 158 159 163 164 167 169 170 172 205 209 213 217 218 219 220 221 222 223 224 227 228 229 230 232 233 235 237 238 239 240 241 242 243 245 249 252 254 258 259 261 264 266 296 297 300 302 303 304 305 307 309 311 312 313 314 316 317 322 328 329 330 331 332 334 337 339 340 342 343 799 800 801 803 804 805 811 812 813 816 817 819 822 824 855 857 858 859 861 862 863 865 866 867 876 877 882 885 887 895 897 898 899 901 902 904 906 907 908 911 913 914 916 949 950 952 957 959 961 966 969 970 971 972 974 975 976 977 978 984 986 987 989 992</camera_ids>
              </partition>
              <partition>
                <camera_ids>64 65 66 69 70 71 72 74 76 78 79 83 84 86 87 88 90 92 93 95 96 97 98 100 101 102 104 105 107 109 110 111 112 118 120 122 127 128 132 134 135 138 139 140 141 143 144 145 146 267 270 271 272 274 277 278 280 281 283 284 285 286 288 293 295 443 444 445 452 453 454 457 459 712 713 714 718 719 724 726 728 731 732 733 736 740 742 745 750 754 757 759 764 765 766 767 768 770 772 774 775 776 777 780 781 782 784 787 788 793 919 920 924 926 927 930 933 938 940 941 942 943 945 1097 1098 1099 1100 1101 1102 1106 1107 1109 1111 1112 1113 1114</camera_ids>
              </partition>
            </partition>
          </partition>
          <partition>
            <partition>
              <partition>
                <camera_ids>41 44 45 46 47 48 49 51 52 56 57 58 160 161 162 165 166 168 171 173 624 625 626 627 628 629 630 631 632 633 634 635 636 637 638 639 640 641 642 691 693 694 701 704 705 706 710 711 814 815 818 820 821 823 825 826</camera_ids>
              </partition>
              <partition>
                <camera_ids>19 20 21 22 24 25 26 28 30 31 33 37 38 179 183 184 185 188 192 194 197 198 201 202 203 204 206 207 669 674 678 680 683 685 686 687 690 829 831 832 833 837 838 840 841 842 844 846 847 850 851 856</camera_ids>
              </partition>
              <partition>
                <camera_ids>0 2 7 8 11 14 15 484 485 486 487 488 489 490 491 492 493 494 495 496 497 498 499 500 501 502 503 504 505 506 507 508 509 510 511 512 513 514 515 516 517 518 519 520 521 522 523 524 525 526 527 643 644 645 646 647 648 649 650 652 654 655 656 657 660 661 663 664 667 668 1439 1440 1441 1442 1443 1444 1445 1446 1447 1448 1449 1450 1451 1452 1453 1454 1455 1456 1457 1458 1459 1460 1461 1462</camera_ids>
              </partition>
            </partition>
            <partition>
              <partition>
                <camera_ids>231 234 236 244 341 344 345 347 348 349 351 353 355 356 411 413 414 415 418 422 426 428 429 431 433 435 438 879 880 881 883 884 886 888 889 890 891 892 893 894 991 993 994 997 1001 1003 1005 1008 1009 1063 1067 1068 1070 1071 1072 1074 1075 1076 1078 1081 1083 1085 1087 1088</camera_ids>
              </partition>
              <partition>
                <camera_ids>208 210 211 212 214 215 216 225 226 359 360 362 363 364 366 367 368 370 372 374 376 378 380 382 384 385 387 388 389 391 392 393 394 395 396 397 401 404 405 406 410 860 864 868 869 870 871 872 873 874 875 878 1012 1016 1020 1022 1024 1026 1028 1030 1032 1034 1037 1041 1049 1050 1051 1053 1054 1058 1059 1060</camera_ids>
              </partition>
            </partition>
          </partition>
        </partition>
      </component>
    </components>
    <cameras next_id="1476" next_group_id="0">
      <camera id="0" sensor_id="0" component_id="0" label="1_DJI_0175">
        <transform>9.2505222617535465e-01 8.8699134378472655e-02 3.6933838469421243e-01 3.5460377765130908e+00 7.7442071284542266e-02 -9.9597054083239700e-01 4.5226180351457729e-02 7.5057659870119593e+01 3.7186167380247759e-01 -1.3234249299917171e-02 -9.2819381068949569e-01 1.4790803464580216e+00 0 0 0 1</transform>
        <rotation_covariance>1.5900096342341349e-09 -2.4781126218467082e-10 1.9113280252140998e-10 -2.4781126218467088e-10 3.0429354284559251e-09 5.2140593932449194e-11 1.9113280252140998e-10 5.2140593932449188e-11 5.0082220201616631e-10</rotation_covariance>
        <location_covariance>2.0738423370083701e-06 3.2279888289294068e-07 -5.2151439871450661e-06 3.2279888289294068e-07 1.0042628067565812e-07 -8.3161765373810598e-07 -5.2151439871450661e-06 -8.3161765373810598e-07 1.3520099161415637e-05</location_covariance>
        <orientation>1</orientation>
        <reference x="-83.579770620000005" y="31.437674210000001" z="47.549999999999997" yaw="0.10000000000000001" pitch="0.099999999999993788" roll="-0" enabled="true" rotation_enabled="false"/>
      </camera>
      <camera id="2" sensor_id="0" component_id="0" label="1_DJI_0177">
        <transform>9.2398717528383534e-01 9.8296776090998683e-02 3.6957467949132394e-01 3.6610665860808296e+00 8.7716868795941941e-02 -9.9511178149665525e-01 4.5368416935012978e-02 7.7097440097689258e+01 3.7222768682573065e-01 -9.5019017396394956e-03 -9.2809280948819772e-01 1.7120189667548520e+00 0 0 0 1</transform>
        <rotation_covariance>1.5632441678048678e-09 -2.3440217139766029e-10 1.8777068885404330e-10 -2.3440217139766024e-10 3.0791060264098596e-09 3.7586483382919213e-11 1.8777068885404333e-10 3.7586483382919239e-11 4.2903494671618896e-10</rotation_covariance>
        <location_covariance>2.2515250793604803e-06 3.5986388314580343e-07 -5.6632569793151364e-06 3.5986388314580343e-07 1.0587281808220539e-07 -9.2745716910276116e-07 -5.6632569793151364e-06 -9.2745716910276116e-07 1.4660877848780460e-05</location_covariance>
        <orientation>1</orientation>
        <reference x="-83.579769049999996" y="31.437728280000002" z="47.549999999999997" yaw="359.60000000000002" pitch="0.099999999999993788" roll="-0" enabled="true" rotation_enabled="false"/>
      </camera>
      <camera id="3" sensor_id="0" component_id="0" label="1_DJI_0178">
        <transform>-9.3774126375303934e-01 1.6921513647349257e-02 3.4692215932502041e-01 -2.4536770953210858e+01 4.7226915070436935e-02 9.9574838883367289e-01 7.9087069917113895e-02 1.9395112484148800e+01 -3.4410890826565649e-01 9.0547272245094679e-02 -9.3455350341282795e-01 -1.2297383751576026e+01 0 0 0 1</transform>
        <rotation_covariance>8.8446043240501896e-10 -4.8876077661741542e-10 -3.3032277037640728e-11 -4.8876077661741532e-10 3.4018010418521712e-09 1.0537265144054883e-10 -3.3032277037640780e-11 1.0537265144054880e-10 3.0530249397420574e-10</rotation_covariance>
        <location_covariance>3.3589547901759246e-06 7.4385432737831340e-07 -9.1367376500966076e-06 7.4385432737831340e-07 2.2073538180687663e-07 -2.0674900806743853e-06 -9.1367376500966076e-06 -2.0674900806743853e-06 2.5383595497781891e-05</location_covariance>
        <orientation>1</orientation>
        <reference x="-83.580614010000005" y="31.43614998" z="44.590000000000003" yaw="181.09999999999999" pitch="0.099999999999993788" roll="-0" enabled="true" rotation_enabled="false"/>
      </camera>
      <camera id="4" sensor_id="0" component_id="0" label="1_DJI_0179">
        <transform>-9.3743805468859476e-01 1.6675979571998914e-02 3.4775250585290984e-01 -2.4568962878705310e+01 4.6698131020683001e-02 9.9584889008903421e-01 7.8129844922503688e-02 1.8470571908690882e+01 -3.4500605528140943e-01 8.9481281918362743e-02 -9.3432538336781146e-01 -1.2369158182186643e+01 0 0 0 1</transform>
        <rotation_covariance>7.6677164019400570e-10 -3.5334125139686758e-10 -3.5401609851011369e-11 -3.5334125139686753e-10 3.2143887479825500e-09 9.2821342834063952e-11 -3.5401609851011344e-11 9.2821342834063901e-11 2.8082542191425736e-10</rotation_covariance>
        <location_covariance>3.4205201587082773e-06 7.2981723309538917e-07 -9.2534092004285611e-06 7.2981723309538917e-07 2.0997176132545611e-07 -2.0149287576113566e-06 -9.2534092004285611e-06 -2.0149287576113566e-06 2.5548246108487607e-05</location_covariance>
        <orientation>1</orientation>
        <reference x="-83.580613619999994" y="31.436125650000001" z="44.590000000000003" yaw="181.19999999999999" pitch="0.099999999999993788" roll="-0" enabled="true" rotation_enabled="false"/>
      </camera>
      <camera id="5" sensor_id="0" component_id="0" label="1_DJI_0180">
        <transform>-9.3724071375560314e-01 1.7888831816595813e-02 3.4822382769581706e-01 -2.4626062851955577e+01 4.8043889149708773e-02 9.9578292939579149e-01 7.8154604722348420e-02 1.7496919839838085e+01 -3.4535724864878525e-01 8.9979704490365853e-02 -9.3414775254537097e-01 -1.2435766264517307e+01 0 0 0 1</transform>
        <rotation_covariance>6.8144983746834701e-10 -2.7640786971383992e-10 -2.1748661210174495e-11 -2.7640786971383997e-10 3.0954203930416121e-09 8.3178496879139783e-11 -2.1748661210174456e-11 8.3178496879139809e-11 2.6727089318424111e-10</rotation_covariance>
        <location_covariance>3.5096828680922645e-06 7.4056587263172578e-07 -9.4642187989740300e-06 7.4056587263172578e-07 2.0954816404373245e-07 -2.0353902686221498e-06 -9.4642187989740300e-06 -2.0353902686221498e-06 2.6030078953411988e-05</location_covariance>
        <orientation>1</orientation>
        <reference x="-83.580614060000002" y="31.43609949" z="44.590000000000003" yaw="181.40000000000001" pitch="0.099999999999993788" roll="-0" enabled="true" rotation_enabled="false"/>
      </camera>
      <camera id="6" sensor_id="0" component_id="0" label="1_DJI_0181">
        <transform>-9.3731695669828419e-01 5.5894433590475048e-03 3.4843317983338434e-01 -2.4673535528162933e+01 3.4706482965573333e-02 9.9639742887127969e-01 7.7379737521289224e-02 1.6499925207127355e+01 -3.4674541485941512e-01 8.4622230304094728e-02 -9.3413419561235034e-01 -1.2518036315674969e+01 0 0 0 1</transform>
        <rotation_covariance>6.1704090505809628e-10 -1.8053541969266864e-10 -1.4942116061965246e-11 -1.8053541969266864e-10 3.0148851628884498e-09 7.9631078433270952e-11 -1.4942116061965220e-11 7.9631078433270978e-11 2.5852036586648020e-10</rotation_covariance>
        <location_covariance>3.5552897257822925e-06 7.2843018692148969e-07 -9.5695811948824762e-06 7.2843018692148969e-07 2.0197264465493459e-07 -1.9960118050732082e-06 -9.5695811948824762e-06 -1.9960118050732082e-06 2.6261590283670980e-05</location_covariance>
        <orientation>1</orientation>
        <reference x="-83.580614269999998" y="31.43607282" z="44.590000000000003" yaw="180.70000000000002" pitch="0.099999999999993788" roll="-0" enabled="true" rotation_enabled="false"/>
      </camera>
      <camera id="7" sensor_id="0" component_id="0" label="1_DJI_0182">
        <transform>9.2605806698061244e-01 7.5168475135406462e-02 3.6981908675181879e-01 3.8650432033134452e+00 6.4091499343537264e-02 -9.9705273199403743e-01 4.2167870886780423e-02 8.2101224120495502e+01 3.7189882534370666e-01 -1.5347637246317769e-02 -9.2814638594293242e-01 2.0746493882365602e+00 0 0 0 1</transform>
        <rotation_covariance>1.6109780951416924e-09 -3.6935314124479127e-10 2.2469032076075590e-10 -3.6935314124479127e-10 3.5038430412891768e-09 -6.2989415564298154e-11 2.2469032076075590e-10 -6.2989415564298179e-11 4.2469519736888520e-10</rotation_covariance>
        <location_covariance>2.4106175347918895e-06 3.6090880952681044e-07 -6.0308100888670306e-06 3.6090880952681044e-07 1.0984957171593745e-07 -9.4127803607708057e-07 -6.0308100888670306e-06 -9.4127803607708057e-07 1.5588475777860818e-05</location_covariance>
        <orientation>1</orientation>
        <reference x="-83.57976893" y="31.43786085" z="47.75" yaw="0.20000000000000001" pitch="0.099999999999993788" roll="-0" enabled="true" rotation_enabled="false"/>
      </camera>
      <camera id="8" sensor_id="0" component_id="0" label="1_DJI_0183">
        <transform>9.2710312711579679e-01 6.1414558358920901e-02 3.6974050861880070e-01 3.9255014341505179e+00 4.9518758920621707e-02 -9.9790694684046721e-01 4.1588675892579308e-02 8.3107342218580555e+01 3.7152077224170399e-01 -2.0247900363133398e-02 -9.2820382369596632e-01 2.1141709286631505e+00 0 0 0 1</transform>
        <rotation_covariance>1.8144164427141974e-09 -3.8910230579987844e-10 2.9337897403625917e-10 -3.8910230579987834e-10 3.6734885363512517e-09 -4.9112738341039810e-11 2.9337897403625927e-10 -4.9112738341039816e-11 5.0054267437095203e-10</rotation_covariance>
        <location_covariance>2.3708508759356400e-06 3.5302630595547293e-07 -5.9198762940297474e-06 3.5302630595547293e-07 1.1217412111422578e-07 -9.2194870925073572e-07 -5.9198762940297474e-06 -9.2194870925073572e-07 1.5308943993556223e-05</location_covariance>
        <orientation>1</orientation>
        <reference x="-83.579768900000005" y="31.437887320000002" z="47.549999999999997" yaw="1" pitch="0.099999999999993788" roll="-0" enabled="true" rotation_enabled="false"/>
      </camera>
      <camera id="9" sensor_id="0" component_id="0" label="1_DJI_0184">
        <transform>-9.3706150822356649e-01 1.0397709710243277e-02 3.4900948044223057e-01 -2.4819678401553919e+01 3.9540951962002517e-02 9.9628655601709559e-01 7.6482752418653155e-02 1.3576582716236372e+01 -3.4691820782961624e-01 8.5469210434962459e-02 -9.3399291814441032e-01 -1.2772946504985802e+01 0 0 0 1</transform>
        <rotation_covariance>5.1996413961319873e-10 3.4804819518271824e-11 2.1009078414957724e-11 3.4804819518271843e-11 2.8425414169435160e-09 9.1331380068820940e-11 2.1009078414957737e-11 9.1331380068820966e-11 2.4102129565034366e-10</rotation_covariance>
        <location_covariance>3.6669487097393801e-06 7.1566868762253672e-07 -9.8264563425900034e-06 7.1566868762253672e-07 1.9335351597260501e-07 -1.9499040532989039e-06 -9.8264563425900034e-06 -1.9499040532989039e-06 2.6832821675483899e-05</location_covariance>
        <orientation>1</orientation>
        <reference x="-83.580615300000005" y="31.43599472" z="44.590000000000003" yaw="181.19999999999999" pitch="0.099999999999993788" roll="-0" enabled="true" rotation_enabled="false"/>
      </camera>
      <camera id="10" sensor_id="0" component_id="0" label="1_DJI_0185">
        <transform>-9.3697774827633573e-01 8.7890230934173641e-03 3.4927847386873256e-01 -2.4865901668441552e+01 3.7677457596276651e-02 9.9639561495182738e-01 7.6001234817927865e-02 1.2658437308523881e+01 -3.4735156315192872e-01 8.4371390754404418e-02 -9.3393166773489322e-01 -1.2876863923940826e+01 0 0 0 1</transform>
        <rotation_covariance>5.1411456529213431e-10 9.0908263938900245e-11 2.5683918397743835e-11 9.0908263938900271e-11 2.7935591509339301e-09 8.9266116499752101e-11 2.5683918397743854e-11 8.9266116499752023e-11 2.4336420166513041e-10</rotation_covariance>
        <location_covariance>3.6567793448475618e-06 6.9877705617660836e-07 -9.7774446358855120e-06 6.9877705617660836e-07 1.8776660599468999e-07 -1.9000578180774947e-06 -9.7774446358855120e-06 -1.9000578180774947e-06 2.6645330966133724e-05</location_covariance>
        <orientation>1</orientation>
        <reference x="-83.580616129999996" y="31.43596986" z="44.590000000000003" yaw="181.19999999999999" pitch="0.099999999999993788" roll="-0" enabled="true" rotation_enabled="false"/>
      </camera>
      <camera id="11" sensor_id="0" component_id="0" label="1_DJI_0186">
        <transform>9.2656235098204509e-01 7.1087889429178805e-02 3.6936258841297209e-01 4.0692537942772748e+00 6.0424134197244489e-02 -9.9735587611185794e-01 4.0375492463395349e-02 8.6148538331529352e+01 3.7125615651344990e-01 -1.5091996609234217e-02 -9.2840782950662781e-01 2.2909499341084234e+00 0 0 0 1</transform>
        <rotation_covariance>2.8235249936123386e-09 -7.9082177690482212e-10 2.8770526277940473e-10 -7.9082177690482212e-10 4.4312412379979973e-09 -8.8545211355216870e-11 2.8770526277940483e-10 -8.8545211355216896e-11 5.7545919212501139e-10</rotation_covariance>
        <location_covariance>2.3835284282628698e-06 3.5013904906380220e-07 -5.9316716781419359e-06 3.5013904906380220e-07 1.2322151330705031e-07 -9.2106067706216251e-07 -5.9316716781419359e-06 -9.2106067706216251e-07 1.5409811355360062e-05</location_covariance>
        <orientation>1</orientation>
        <reference x="-83.579768470000005" y="31.437967629999999" z="47.850000000000001" yaw="0.10000000000000001" pitch="0.099999999999993788" roll="-0" enabled="true" rotation_enabled="false"/>
      </camera>
      <camera id="12" sensor_id="0" component_id="0" label="1_DJI_0187">
        <transform>-9.3691732575764419e-01 -4.6785930888711968e-03 3.4951972113437757e-01 -2.4976856645802997e+01 2.2988206716829274e-02 9.9692105024364741e-01 7.4966405362980770e-02 1.0672725404412169e+01 -3.4879430478017931e-01 7.8272155635392970e-02 -9.3392505192070963e-01 -1.3034631548295891e+01 0 0 0 1</transform>
        <rotation_covariance>5.0866149595632555e-10 1.9509007704122289e-10 2.7710331369330344e-11 1.9509007704122286e-10 2.7501608166679336e-09 8.3769502765706807e-11 2.7710331369330357e-11 8.3769502765706807e-11 2.2790990501553495e-10</rotation_covariance>
        <location_covariance>3.7829879100118542e-06 6.9317127981438617e-07 -1.0088335754974639e-05 6.9317127981438617e-07 1.8268278836656930e-07 -1.8792769973193031e-06 -1.0088335754974639e-05 -1.8792769973193031e-06 2.7424817770668785e-05</location_covariance>
        <orientation>1</orientation>
        <reference x="-83.580617029999999" y="31.43591679" z="44.490000000000002" yaw="180.60000000000002" pitch="0.099999999999993788" roll="-0" enabled="true" rotation_enabled="false"/>
      </camera>
      <camera id="13" sensor_id="0" component_id="0" label="1_DJI_0188">
        <transform>-9.3693227422842074e-01 6.1056108707460699e-03 3.4945762979945749e-01 -2.5037711901826196e+01 3.4255980701769800e-02 9.9663763031542107e-01 7.4430918477620844e-02 9.7057817824510622e+00 -3.4782817783399866e-01 8.1707743544643607e-02 -9.3399111524121192e-01 -1.3105693555874364e+01 0 0 0 1</transform>
        <rotation_covariance>5.3769644734626617e-10 2.9670201676602130e-10 2.7858122023866832e-11 2.9670201676602130e-10 2.7577822355132111e-09 8.3885446708184169e-11 2.7858122023866826e-11 8.3885446708184169e-11 2.2208974663888037e-10</rotation_covariance>
        <location_covariance>3.8547631778731661e-06 6.8849250941505672e-07 -1.0284163869818360e-05 6.8849250941505672e-07 1.7973488894182303e-07 -1.8673989187032328e-06 -1.0284163869818360e-05 -1.8673989187032328e-06 2.7973929431464308e-05</location_covariance>
        <orientation>1</orientation>
        <reference x="-83.580617660000001" y="31.43589235" z="44.490000000000002" yaw="181.30000000000001" pitch="0.099999999999993788" roll="-0" enabled="true" rotation_enabled="false"/>
      </camera>
      <camera id="14" sensor_id="0" component_id="0" label="1_DJI_0189">
        <transform>9.2739372270951348e-01 6.1915265686794785e-02 3.6892734102248825e-01 4.3104124950203362e+00 5.0933042131423620e-02 -9.9792287222545983e-01 3.9443203578398318e-02 8.9165446348482178e+01 3.7060316822475808e-01 -1.7788787598427752e-02 -9.2862094028594333e-01 2.4533202713800746e+00 0 0 0 1</transform>
        <rotation_covariance>7.6039228272031679e-09 -1.1031096822209780e-09 1.0109839989320749e-09 -1.1031096822209780e-09 5.2110351275054899e-09 -4.7840140638192151e-10 1.0109839989320753e-09 -4.7840140638192141e-10 1.3586218205706453e-09</rotation_covariance>
        <location_covariance>2.3320420273138180e-06 3.4371711329453609e-07 -5.7402782963531941e-06 3.4371711329453609e-07 1.6850603683931599e-07 -9.2358746159229528e-07 -5.7402782963531941e-06 -9.2358746159229528e-07 1.4995112379409423e-05</location_covariance>
        <orientation>1</orientation>
        <reference x="-83.579765100000003" y="31.438047879999999" z="47.549999999999997" yaw="0.5" pitch="0.099999999999993788" roll="-0" enabled="true" rotation_enabled="false"/>
      </camera>
      <camera id="15" sensor_id="0" component_id="0" label="1_DJI_0190">
        <transform>9.2708938087090864e-01 6.7435434289891280e-02 3.6872447990136170e-01 4.3590778308309446e+00 5.7005588721373665e-02 -9.9760710042624412e-01 3.9120787743472107e-02 9.0182799021932951e+01 3.7048028656181647e-01 -1.5249110835517998e-02 -9.2871514571896585e-01 2.5575252483814679e+00 0 0 0 1</transform>
        <rotation_covariance>1.6335604718046794e-08 -7.9642230531083799e-10 2.9705003351666839e-09 -7.9642230531083809e-10 6.7897395149449588e-09 -9.9785672242324791e-10 2.9705003351666843e-09 -9.9785672242324770e-10 3.8020877379203967e-09</rotation_covariance>
        <location_covariance>2.4505683823687522e-06 3.6294877749606385e-07 -5.9666668496176313e-06 3.6294877749606385e-07 2.6012043687972495e-07 -9.9195888881987510e-07 -5.9666668496176313e-06 -9.9195888881987510e-07 1.5657114094114733e-05</location_covariance>
        <orientation>1</orientation>
        <reference x="-83.57976463" y="31.438074950000001" z="47.450000000000003" yaw="0.10000000000000001" pitch="0.099999999999993788" roll="-0" enabled="true" rotation_enabled="false"/>
      </camera>
      <camera id="16" sensor_id="0" component_id="0" label="1_DJI_0191">
        <transform>-9.3698038417963714e-01 4.0691391928898424e-03 3.4935827136166364e-01 -2.5215693169096333e+01 3.1946701323578047e-02 9.9674108695388741e-01 7.4071680502911352e-02 6.7838791025876279e+00 -3.4791833515513804e-01 8.0564556004561860e-02 -9.3405684215612117e-01 -1.3392036750178001e+01 0 0 0 1</transform>
        <rotation_covariance>6.4760173461586445e-10 4.6098690162083014e-10 2.8861526209943641e-11 4.6098690162083014e-10 2.7968959348729967e-09 8.8360369640794350e-11 2.8861526209943700e-11 8.8360369640794363e-11 2.2055368581620215e-10</rotation_covariance>
        <location_covariance>3.9274228701604476e-06 6.8157919472654895e-07 -1.0462162932503138e-05 6.8157919472654895e-07 1.8025115089539213e-07 -1.8457129235332345e-06 -1.0462162932503138e-05 -1.8457129235332345e-06 2.8455398980966498e-05</location_covariance>
        <orientation>1</orientation>
        <reference x="-83.58061988" y="31.435812819999999" z="44.689999999999998" yaw="181.40000000000001" pitch="0.099999999999993788" roll="-0" enabled="true" rotation_enabled="false"/>
      </camera>
      <camera id="17" sensor_id="0" component_id="0" label="1_DJI_0192">
        <transform>-9.3694814399092041e-01 2.1631105772603465e-03 3.4946172383338414e-01 -2.5250715819521773e+01 2.9814690266139695e-02 9.9682976921985622e-01 7.3766492673992434e-02 5.8258749496356694e+00 -3.4819428443945499e-01 7.9534471455581068e-02 -9.3404229461731414e-01 -1.3535137649222358e+01 0 0 0 1</transform>
        <rotation_covariance>7.2246208799676740e-10 5.2321948286956693e-10 3.3436634814833002e-11 5.2321948286956693e-10 2.7997319787950211e-09 8.6537891333644512e-11 3.3436634814833060e-11 8.6537891333644486e-11 2.3069182244923216e-10</rotation_covariance>
        <location_covariance>3.8296100302162339e-06 6.5336889772804430e-07 -1.0180559058995154e-05 6.5336889772804430e-07 1.7574750202754436e-07 -1.7663835716437552e-06 -1.0180559058995154e-05 -1.7663835716437552e-06 2.7663184716840537e-05</location_covariance>
        <orientation>1</orientation>
        <reference x="-83.580620190000005" y="31.435787349999998" z="44.689999999999998" yaw="181.40000000000001" pitch="0.099999999999993788" roll="-0" enabled="true" rotation_enabled="false"/>
      </camera>
      <camera id="18" sensor_id="0" component_id="0" label="1_DJI_0193">
        <transform>-9.3685584919747256e-01 -3.7330884731626608e-03 3.4969584194687436e-01 -2.5262971663945866e+01 2.3473838546743876e-02 9.9701662063486540e-01 7.3531198016315621e-02 4.8333328754652811e+00 -3.4892706505566917e-01 7.7096836694411225e-02 -9.3397322287277174e-01 -1.3660089528482237e+01 0 0 0 1</transform>
        <rotation_covariance>8.3933963300148681e-10 5.6515776632632891e-10 4.2522417803805437e-11 5.6515776632632891e-10 2.7929399590821971e-09 8.2758609498755554e-11 4.2522417803805482e-11 8.2758609498755554e-11 2.5655185651426594e-10</rotation_covariance>
        <location_covariance>3.7681750390375498e-06 6.3335633350001291e-07 -9.9847305087221672e-06 6.3335633350001291e-07 1.7403379942645440e-07 -1.7072432232534023e-06 -9.9847305087221672e-06 -1.7072432232534023e-06 2.7074937785006542e-05</location_covariance>
        <orientation>1</orientation>
        <reference x="-83.580619810000002" y="31.435761549999999" z="44.490000000000002" yaw="181.09999999999999" pitch="0.099999999999993788" roll="-0" enabled="true" rotation_enabled="false"/>
      </camera>
      <camera id="19" sensor_id="0" component_id="0" label="1_DJI_0194">
        <transform>-9.3557095715843319e-01 5.4473558965678626e-04 3.5313834029285246e-01 6.4968863649956745e+00 1.9133478639912202e-02 9.9860812507384222e-01 4.9150000321888473e-02 8.8794479065663097e+01 -3.5262004213712683e-01 5.2740077736414065e-02 -9.3427918208829219e-01 3.3277000255153335e+00 0 0 0 1</transform>
        <rotation_covariance>4.1908484577241735e-09 -2.2244194142965851e-10 4.9333160176243949e-10 -2.2244194142965851e-10 3.6990258863113422e-09 3.8870382571232089e-10 4.9333160176244011e-10 3.8870382571232089e-10 1.1401176950975206e-09</rotation_covariance>
        <location_covariance>2.4298059649715041e-06 3.6559638155331505e-07 -5.9587027918330974e-06 3.6559638155331505e-07 1.4361454522918840e-07 -9.3163770775169525e-07 -5.9587027918330974e-06 -9.3163770775169525e-07 1.5414570298880418e-05</location_covariance>
        <orientation>1</orientation>
        <reference x="-83.579690060000004" y="31.43804059" z="47.549999999999997" yaw="182.90000000000001" pitch="0.099999999999993788" roll="-0" enabled="true" rotation_enabled="false"/>
      </camera>
      <camera id="20" sensor_id="0" component_id="0" label="1_DJI_0195">
        <transform>-9.3565312103226983e-01 -1.2918207395826053e-02 3.5268450068049434e-01 6.4248052447330393e+00 4.7748983369922948e-03 9.9877502398503426e-01 4.9250906687743318e-02 8.7750635395003215e+01 -3.5288870405333544e-01 4.7765797191838710e-02 -9.3444528527366721e-01 3.2331943023057077e+00 0 0 0 1</transform>
        <rotation_covariance>3.0810630816204408e-09 -3.5196189772592719e-10 3.1541361269484422e-10 -3.5196189772592719e-10 3.5706160909440471e-09 2.0456899971271760e-10 3.1541361269484427e-10 2.0456899971271763e-10 7.4320219330524934e-10</rotation_covariance>
        <location_covariance>2.3483412649470559e-06 3.5116690253942528e-07 -5.8063612843917635e-06 3.5116690253942528e-07 1.2757805820955995e-07 -9.0459921854970946e-07 -5.8063612843917635e-06 -9.0459921854970946e-07 1.5062714420235878e-05</location_covariance>
        <orientation>1</orientation>
        <reference x="-83.579690929999998" y="31.438013059999999" z="47.549999999999997" yaw="181.99999999999997" pitch="0.099999999999993788" roll="-0" enabled="true" rotation_enabled="false"/>
      </camera>
      <camera id="21" sensor_id="0" component_id="0" label="1_DJI_0196">
        <transform>-9.3517419453232109e-01 -3.1001828760449268e-02 3.5282872968953644e-01 6.3477146164246951e+00 -1.4382617179590135e-02 9.9866421158308782e-01 4.9627944005313063e-02 8.6762970669626981e+01 -3.5389598218104917e-01 4.1336172012378075e-02 -9.3437088711039873e-01 3.1547899769492695e+00 0 0 0 1</transform>
        <rotation_covariance>2.7182699158672200e-09 -4.7503719297286721e-10 2.2447018122905124e-10 -4.7503719297286721e-10 3.4616611390368937e-09 8.5039229085478452e-11 2.2447018122905106e-10 8.5039229085478439e-11 5.9499744533486226e-10</rotation_covariance>
        <location_covariance>2.3197078501067959e-06 3.4850998174582969e-07 -5.7498404484425635e-06 3.4850998174582969e-07 1.2132067970247627e-07 -9.0337261648534954e-07 -5.7498404484425635e-06 -9.0337261648534954e-07 1.4897783701499922e-05</location_covariance>
        <orientation>1</orientation>
        <reference x="-83.579691929999996" y="31.437986909999999" z="47.649999999999999" yaw="180.90000000000001" pitch="0.099999999999993788" roll="-0" enabled="true" rotation_enabled="false"/>
      </camera>
      <camera id="22" sensor_id="0" component_id="0" label="1_DJI_0197">
        <transform>-9.3553043455668372e-01 -9.7753703330570318e-03 3.5311081568402036e-01 6.2808667943368865e+00 8.4941372535355941e-03 9.9870547165156254e-01 5.0152073990493595e-02 8.5755344808785679e+01 -3.5314395881920563e-01 4.9918163308373731e-02 -9.3423633055101063e-01 3.0708155507171124e+00 0 0 0 1</transform>
        <rotation_covariance>2.5254945932674769e-09 -4.6957373602173644e-10 2.5740252316420119e-10 -4.6957373602173644e-10 3.4249920673082915e-09 6.7927893632233100e-11 2.5740252316420109e-10 6.7927893632233164e-11 5.9871829146375907e-10</rotation_covariance>
        <location_covariance>2.2779656090348776e-06 3.4254798489681408e-07 -5.6549884829138710e-06 3.4254798489681408e-07 1.1778884082400474e-07 -8.8712282733225212e-07 -5.6549884829138710e-06 -8.8712282733225212e-07 1.4639447147152762e-05</location_covariance>
        <orientation>1</orientation>
        <reference x="-83.579692739999999" y="31.437960660000002" z="47.549999999999997" yaw="182.09999999999999" pitch="0.099999999999993788" roll="-0" enabled="true" rotation_enabled="false"/>
      </camera>
      <camera id="23" sensor_id="0" component_id="0" label="1_DJI_0198">
        <transform>9.2895999775848792e-01 1.1069970640235613e-02 3.7001456500329055e-01 -2.2864329955590939e+01 -9.9757911812511334e-03 -9.9844112763145765e-01 5.4916283963246992e-02 6.6243059952444767e+00 3.7004568117309261e-01 -5.4706219061897154e-02 -9.2740143597101132e-01 -1.2642132943895630e+01 0 0 0 1</transform>
        <rotation_covariance>2.3195121113594284e-09 1.2169812270940508e-10 1.3608341138836589e-11 1.2169812270940513e-10 8.8811277672714051e-10 -9.1821763299405683e-12 1.3608341138836867e-11 -9.1821763299405715e-12 1.7306861888046254e-10</rotation_covariance>
        <location_covariance>3.7363811274538303e-06 4.2952097298887754e-07 -9.6610818880159751e-06 4.2952097298887754e-07 1.0309299747729659e-07 -1.1301342928273016e-06 -9.6610818880159751e-06 -1.1301342928273016e-06 2.5442399515581341e-05</location_covariance>
        <orientation>1</orientation>
        <reference x="-83.58054396" y="31.4358127" z="44.490000000000002" yaw="359.70000000000005" pitch="0.099999999999993788" roll="-0" enabled="true" rotation_enabled="false"/>
      </camera>
      <camera id="24" sensor_id="0" component_id="0" label="1_DJI_0199">
        <transform>-9.3527907324012749e-01 -1.4640412247521661e-02 3.5360813549508602e-01 6.1965650874329468e+00 3.3949114969118043e-03 9.9872689155998562e-01 5.0329620015021836e-02 8.3710459320580057e+01 -3.5389480037861049e-01 4.8272708688771038e-02 -9.3403865865435809e-01 2.9562786997438897e+00 0 0 0 1</transform>
        <rotation_covariance>2.2812167426485451e-09 -4.9469716479866211e-10 3.3471339652289648e-10 -4.9469716479866222e-10 3.1964822867379336e-09 1.1124108227583636e-10 3.3471339652289653e-10 1.1124108227583629e-10 7.0124274493045280e-10</rotation_covariance>
